Far field
"Plane Wave Phi"[deg]	"Phi - 1Blade_SEP_lam8_Carbide [dBsm]"	"Phi - 1Blade_SEP_lam16_Carbide [dBsm]"	"Phi - 1Blade_SEP_lam20_Carbide [dBsm]"	"Phi - 1Blade_SEP_lam25_Carbide [dBsm]"	"Total - 1Blade_SEP_lam32_Carbide [dBsm]"	"Total - 1Blade_SEP_lam40_Carbide [dBsm]"	
-1.80000000E+02	-3.45421898E+01	-3.38413556E+01	-3.43749124E+01	-3.42404289E+01	-3.37651483E+01	-3.37023053E+01	
-1.79000000E+02	-3.44060518E+01	-3.38009797E+01	-3.42459045E+01	-3.41477374E+01	-3.37068743E+01	-3.36577538E+01	
-1.78000000E+02	-3.41973338E+01	-3.36544875E+01	-3.40279008E+01	-3.39613976E+01	-3.35569051E+01	-3.35173153E+01	
-1.77000000E+02	-3.39227679E+01	-3.34071775E+01	-3.37285361E+01	-3.36881307E+01	-3.33202204E+01	-3.32857420E+01	
-1.76000000E+02	-3.35900747E+01	-3.30679659E+01	-3.33572279E+01	-3.33368001E+01	-3.30040226E+01	-3.29702917E+01	
-1.75000000E+02	-3.32074350E+01	-3.26482149E+01	-3.29243312E+01	-3.29177442E+01	-3.26172005E+01	-3.25802838E+01	
-1.74000000E+02	-3.27830052E+01	-3.21605915E+01	-3.24404405E+01	-3.24419266E+01	-3.21697146E+01	-3.21261935E+01	
-1.73000000E+02	-3.23245810E+01	-3.16183444E+01	-3.19158912E+01	-3.19201896E+01	-3.16719209E+01	-3.16191773E+01	
-1.72000000E+02	-3.18393460E+01	-3.10341279E+01	-3.13602451E+01	-3.13629392E+01	-3.11340160E+01	-3.10701548E+01	
-1.71000000E+02	-3.13337511E+01	-3.04195806E+01	-3.07821331E+01	-3.07796085E+01	-3.05656298E+01	-3.04894399E+01	
-1.70000000E+02	-3.08134475E+01	-2.97849893E+01	-3.01891334E+01	-3.01785627E+01	-2.99755695E+01	-2.98865139E+01	
-1.69000000E+02	-3.02833108E+01	-2.91392360E+01	-2.95877312E+01	-2.95670530E+01	-2.93716321E+01	-2.92696804E+01	
-1.68000000E+02	-2.97474913E+01	-2.84897768E+01	-2.89833718E+01	-2.89511956E+01	-2.87605157E+01	-2.86460496E+01	
-1.67000000E+02	-2.92094731E+01	-2.78427497E+01	-2.83806586E+01	-2.83361922E+01	-2.81479666E+01	-2.80216960E+01	
-1.66000000E+02	-2.86722158E+01	-2.72030578E+01	-2.77833932E+01	-2.77262641E+01	-2.75387852E+01	-2.74016485E+01	
-1.65000000E+02	-2.81382095E+01	-2.65748080E+01	-2.71947283E+01	-2.71249437E+01	-2.69370361E+01	-2.67900706E+01	
-1.64000000E+02	-2.76095856E+01	-2.59612792E+01	-2.66172759E+01	-2.65352165E+01	-2.63460431E+01	-2.61904939E+01	
-1.63000000E+02	-2.70881964E+01	-2.53650819E+01	-2.60532699E+01	-2.59594756E+01	-2.57686311E+01	-2.56057177E+01	
-1.62000000E+02	-2.65757430E+01	-2.47884840E+01	-2.55045760E+01	-2.53998787E+01	-2.52072185E+01	-2.50381412E+01	
-1.61000000E+02	-2.60738121E+01	-2.42333403E+01	-2.49729363E+01	-2.48581875E+01	-2.46637532E+01	-2.44898244E+01	
-1.60000000E+02	-2.55839316E+01	-2.37011954E+01	-2.44598657E+01	-2.43360820E+01	-2.41402133E+01	-2.39626336E+01	
-1.59000000E+02	-2.51076721E+01	-2.31935719E+01	-2.39667769E+01	-2.38350920E+01	-2.36381538E+01	-2.34581714E+01	
-1.58000000E+02	-2.46466358E+01	-2.27118151E+01	-2.34951620E+01	-2.33566894E+01	-2.31592248E+01	-2.29778938E+01	
-1.57000000E+02	-2.42025697E+01	-2.22572772E+01	-2.30464901E+01	-2.29023565E+01	-2.27049245E+01	-2.25233791E+01	
-1.56000000E+02	-2.37772978E+01	-2.18313245E+01	-2.26222941E+01	-2.24736163E+01	-2.22768485E+01	-2.20960892E+01	
-1.55000000E+02	-2.33728264E+01	-2.14353489E+01	-2.22241408E+01	-2.20720190E+01	-2.18765821E+01	-2.16975430E+01	
-1.54000000E+02	-2.29913156E+01	-2.10707953E+01	-2.18537323E+01	-2.16993010E+01	-2.15058227E+01	-2.13294450E+01	
-1.53000000E+02	-2.26351133E+01	-2.07393651E+01	-2.15130276E+01	-2.13572863E+01	-2.11663873E+01	-2.09934259E+01	
-1.52000000E+02	-2.23067509E+01	-2.04428046E+01	-2.12040221E+01	-2.10479440E+01	-2.08602130E+01	-2.06914300E+01	
-1.51000000E+02	-2.20089564E+01	-2.01830481E+01	-2.09288902E+01	-2.07734269E+01	-2.05894922E+01	-2.04254738E+01	
-1.50000000E+02	-2.17447017E+01	-1.99622647E+01	-2.06902171E+01	-2.05361404E+01	-2.03564544E+01	-2.01978271E+01	
-1.49000000E+02	-2.15171584E+01	-1.97827968E+01	-2.04905932E+01	-2.03387015E+01	-2.01637300E+01	-2.00109509E+01	
-1.48000000E+02	-2.13297931E+01	-1.96473782E+01	-2.03329960E+01	-2.01839697E+01	-2.00141273E+01	-1.98677251E+01	
-1.47000000E+02	-2.11863349E+01	-1.95589981E+01	-2.02207432E+01	-2.00751829E+01	-1.99108091E+01	-1.97710692E+01	
-1.46000000E+02	-2.10908693E+01	-1.95209566E+01	-2.01574388E+01	-2.00158385E+01	-1.98571492E+01	-1.97242607E+01	
-1.45000000E+02	-2.10478996E+01	-1.95370613E+01	-2.01471735E+01	-2.00099812E+01	-1.98571885E+01	-1.97315405E+01	
-1.44000000E+02	-2.10623964E+01	-1.96115967E+01	-2.01945668E+01	-2.00620839E+01	-1.99153432E+01	-1.97970569E+01	
-1.43000000E+02	-2.11399339E+01	-1.97494967E+01	-2.03047834E+01	-2.01772804E+01	-2.00367090E+01	-1.99258536E+01	
-1.42000000E+02	-2.12868496E+01	-1.99564164E+01	-2.04838256E+01	-2.03614906E+01	-2.02269384E+01	-2.01235418E+01	
-1.41000000E+02	-2.15104524E+01	-2.02389856E+01	-2.07386559E+01	-2.06215139E+01	-2.04928883E+01	-2.03969773E+01	
-1.40000000E+02	-2.18192711E+01	-2.06050278E+01	-2.10774631E+01	-2.09654521E+01	-2.08424016E+01	-2.07538864E+01	
-1.39000000E+02	-2.22234832E+01	-2.10638016E+01	-2.15099850E+01	-2.14029042E+01	-2.12851387E+01	-2.12037933E+01	
-1.38000000E+02	-2.27354694E+01	-2.16267568E+01	-2.20481887E+01	-2.19456627E+01	-2.18325544E+01	-2.17580594E+01	
-1.37000000E+02	-2.33706474E+01	-2.23078750E+01	-2.27069363E+01	-2.26084143E+01	-2.24989629E+01	-2.24307296E+01	
-1.36000000E+02	-2.41487043E+01	-2.31250164E+01	-2.35052956E+01	-2.34098222E+01	-2.33026144E+01	-2.32401846E+01	
-1.35000000E+02	-2.50956684E+01	-2.41013266E+01	-2.44683855E+01	-2.43744648E+01	-2.42673545E+01	-2.42095961E+01	
-1.34000000E+02	-2.62471398E+01	-2.52677322E+01	-2.56304033E+01	-2.55358879E+01	-2.54255451E+01	-2.53706696E+01	
-1.33000000E+02	-2.76541866E+01	-2.66677000E+01	-2.70407931E+01	-2.69419017E+01	-2.68226937E+01	-2.67677594E+01	
-1.32000000E+02	-2.93942726E+01	-2.83642463E+01	-2.87747460E+01	-2.86650685E+01	-2.85264582E+01	-2.84663339E+01	
-1.31000000E+02	-3.15938143E+01	-3.04548601E+01	-3.09571180E+01	-3.08243161E+01	-3.06449675E+01	-3.05687037E+01	
-1.30000000E+02	-3.44786006E+01	-3.30989485E+01	-3.38225459E+01	-3.36386595E+01	-3.33670325E+01	-3.32487695E+01	
-1.29000000E+02	-3.84865947E+01	-3.65665578E+01	-3.79064948E+01	-3.75901451E+01	-3.70613632E+01	-3.68243638E+01	
-1.28000000E+02	-4.41443934E+01	-4.11664155E+01	-4.50383219E+01	-4.41447209E+01	-4.24775538E+01	-4.18059718E+01	
-1.27000000E+02	-4.55706631E+01	-4.48368983E+01	-6.16072813E+01	-5.54636743E+01	-4.78170854E+01	-4.62102782E+01	
-1.26000000E+02	-4.08344346E+01	-4.23512121E+01	-4.39289432E+01	-4.42788326E+01	-4.33274732E+01	-4.29237144E+01	
-1.25000000E+02	-3.76523075E+01	-3.92604375E+01	-3.93022983E+01	-3.96377061E+01	-3.94721039E+01	-3.94409619E+01	
-1.24000000E+02	-3.57878432E+01	-3.74036051E+01	-3.70132952E+01	-3.73388851E+01	-3.73605580E+01	-3.74442958E+01	
-1.23000000E+02	-3.47977376E+01	-3.65324240E+01	-3.58940156E+01	-3.62357605E+01	-3.63444286E+01	-3.64939162E+01	
-1.22000000E+02	-3.44951983E+01	-3.64923626E+01	-3.56118395E+01	-3.59960478E+01	-3.61725209E+01	-3.63842932E+01	
-1.21000000E+02	-3.48407826E+01	-3.73126194E+01	-3.61058541E+01	-3.65686925E+01	-3.68233517E+01	-3.71178485E+01	
-1.20000000E+02	-3.59182420E+01	-3.92699925E+01	-3.75120037E+01	-3.81191214E+01	-3.84931205E+01	-3.89286274E+01	
-1.19000000E+02	-3.79934478E+01	-4.32596830E+01	-4.02867385E+01	-4.11925410E+01	-4.17999048E+01	-4.25557367E+01	
-1.18000000E+02	-4.17089480E+01	-5.12997515E+01	-4.56312794E+01	-4.70931481E+01	-4.80223873E+01	-4.95063378E+01	
-1.17000000E+02	-4.69132755E+01	-4.41235126E+01	-4.73933707E+01	-4.61098372E+01	-4.51944187E+01	-4.46156789E+01	
-1.16000000E+02	-4.24753933E+01	-3.74743398E+01	-3.97564193E+01	-3.88648192E+01	-3.82945597E+01	-3.78624692E+01	
-1.15000000E+02	-3.67945540E+01	-3.34043947E+01	-3.49213799E+01	-3.43566660E+01	-3.39838148E+01	-3.36892685E+01	
-1.14000000E+02	-3.30243936E+01	-3.05327346E+01	-3.16467416E+01	-3.12428039E+01	-3.09704452E+01	-3.07549148E+01	
-1.13000000E+02	-3.03364961E+01	-2.83738842E+01	-2.92434475E+01	-2.89322241E+01	-2.87196149E+01	-2.85542919E+01	
-1.12000000E+02	-2.83283785E+01	-2.67094104E+01	-2.74146790E+01	-2.71631554E+01	-2.69900845E+01	-2.68596023E+01	
-1.11000000E+02	-2.68043913E+01	-2.54251422E+01	-2.60120199E+01	-2.58017491E+01	-2.56566182E+01	-2.55518688E+01	
-1.10000000E+02	-2.56600549E+01	-2.44565204E+01	-2.49533356E+01	-2.47731447E+01	-2.46486816E+01	-2.45640625E+01	
-1.09000000E+02	-2.48368577E+01	-2.37666645E+01	-2.41922203E+01	-2.40346427E+01	-2.39257805E+01	-2.38576189E+01	
-1.08000000E+02	-2.43030223E+01	-2.33365307E+01	-2.37036631E+01	-2.35634942E+01	-2.34666372E+01	-2.34123068E+01	
-1.07000000E+02	-2.40450725E+01	-2.31606788E+01	-2.34782045E+01	-2.33516323E+01	-2.32638079E+01	-2.32217732E+01	
-1.06000000E+02	-2.40641600E+01	-2.32462746E+01	-2.35196677E+01	-2.34037176E+01	-2.33225000E+01	-2.32918258E+01	
-1.05000000E+02	-2.43757655E+01	-2.36142048E+01	-2.38453096E+01	-2.37379931E+01	-2.36612016E+01	-2.36417819E+01	
-1.04000000E+02	-2.50113118E+01	-2.43036777E+01	-2.44890331E+01	-2.43892762E+01	-2.43148723E+01	-2.43079432E+01	
-1.03000000E+02	-2.60203435E+01	-2.53808706E+01	-2.55057851E+01	-2.54149533E+01	-2.53412293E+01	-2.53502588E+01	
-1.02000000E+02	-2.74648706E+01	-2.69532312E+01	-2.69750531E+01	-2.69007578E+01	-2.68273788E+01	-2.68614772E+01	
-1.01000000E+02	-2.93585295E+01	-2.91790669E+01	-2.89724076E+01	-2.89431292E+01	-2.88770298E+01	-2.89599908E+01	
-1.00000000E+02	-3.13347425E+01	-3.21256371E+01	-3.13230788E+01	-3.14332268E+01	-3.14140253E+01	-3.16069589E+01	
-9.90000000E+01	-3.18873763E+01	-3.44053529E+01	-3.25969145E+01	-3.29796620E+01	-3.31102831E+01	-3.34591493E+01	
-9.80000000E+01	-3.00293110E+01	-3.25339212E+01	-3.09293014E+01	-3.13544895E+01	-3.15696216E+01	-3.18568694E+01	
-9.70000000E+01	-2.73855026E+01	-2.90174507E+01	-2.80500924E+01	-2.83519717E+01	-2.85299975E+01	-2.86976361E+01	
-9.60000000E+01	-2.50271599E+01	-2.61106825E+01	-2.54850574E+01	-2.56989503E+01	-2.58385335E+01	-2.59466378E+01	
-9.50000000E+01	-2.31146153E+01	-2.38929506E+01	-2.34386787E+01	-2.36016945E+01	-2.37169984E+01	-2.37976256E+01	
-9.40000000E+01	-2.15965877E+01	-2.21959841E+01	-2.18342525E+01	-2.19669779E+01	-2.20675922E+01	-2.21345167E+01	
-9.30000000E+01	-2.04062055E+01	-2.08943294E+01	-2.05859358E+01	-2.06997086E+01	-2.07912152E+01	-2.08511072E+01	
-9.20000000E+01	-1.94915524E+01	-1.99074658E+01	-1.96308932E+01	-1.97322968E+01	-1.98181992E+01	-1.98744578E+01	
-9.10000000E+01	-1.88158021E+01	-1.91837697E+01	-1.89260688E+01	-1.90192571E+01	-1.91017982E+01	-1.91564680E+01	
-9.00000000E+01	-1.83536373E+01	-1.86897331E+01	-1.84425232E+01	-1.85302617E+01	-1.86110920E+01	-1.86653953E+01	
-8.90000000E+01	-1.80882459E+01	-1.84040071E+01	-1.81612730E+01	-1.82455634E+01	-1.83258886E+01	-1.83807413E+01	
-8.80000000E+01	-1.80092848E+01	-1.83137809E+01	-1.80706528E+01	-1.81530736E+01	-1.82339525E+01	-1.82900989E+01	
-8.70000000E+01	-1.81117016E+01	-1.84127452E+01	-1.81648707E+01	-1.82468107E+01	-1.83292477E+01	-1.83873327E+01	
-8.60000000E+01	-1.83951751E+01	-1.87004695E+01	-1.84432772E+01	-1.85261069E+01	-1.86111209E+01	-1.86718914E+01	
-8.50000000E+01	-1.88640427E+01	-1.91820243E+01	-1.89102419E+01	-1.89954564E+01	-1.90842977E+01	-1.91486672E+01	
-8.40000000E+01	-1.95277651E+01	-1.98687944E+01	-1.95756475E+01	-1.96651237E+01	-1.97593577E+01	-1.98284944E+01	
-8.30000000E+01	-2.04019534E+01	-2.07800246E+01	-2.04559811E+01	-2.05522497E+01	-2.06539769E+01	-2.07295787E+01	
-8.20000000E+01	-2.15101536E+01	-2.19453840E+01	-2.15764012E+01	-2.16830831E+01	-2.17952431E+01	-2.18798990E+01	
-8.10000000E+01	-2.28865177E+01	-2.34098352E+01	-2.29737353E+01	-2.30964435E+01	-2.32234381E+01	-2.33212000E+01	
-8.00000000E+01	-2.45791077E+01	-2.52406599E+01	-2.47004642E+01	-2.48482420E+01	-2.49965350E+01	-2.51142858E+01	
-7.90000000E+01	-2.66505257E+01	-2.75346593E+01	-2.68256499E+01	-2.70136531E+01	-2.71926201E+01	-2.73422432E+01	
-7.80000000E+01	-2.91560102E+01	-3.03974200E+01	-2.94091908E+01	-2.96613929E+01	-2.98802381E+01	-3.00815155E+01	
-7.70000000E+01	-3.19994111E+01	-3.36881042E+01	-3.23205140E+01	-3.26533181E+01	-3.28905428E+01	-3.31578864E+01	
-7.60000000E+01	-3.43607818E+01	-3.57964080E+01	-3.45336935E+01	-3.48349325E+01	-3.49373431E+01	-3.51748452E+01	
-7.50000000E+01	-3.45678551E+01	-3.46091700E+01	-3.43045881E+01	-3.43707467E+01	-3.42473051E+01	-3.43120307E+01	
-7.40000000E+01	-3.30450015E+01	-3.22978097E+01	-3.25420475E+01	-3.24588658E+01	-3.22661432E+01	-3.22364212E+01	
-7.30000000E+01	-3.14121487E+01	-3.04355262E+01	-3.08506384E+01	-3.07185237E+01	-3.05273557E+01	-3.04688141E+01	
-7.20000000E+01	-3.02008898E+01	-2.91578925E+01	-2.96277701E+01	-2.94792583E+01	-2.92994488E+01	-2.92318383E+01	
-7.10000000E+01	-2.94413241E+01	-2.83660982E+01	-2.88612935E+01	-2.87041816E+01	-2.85326754E+01	-2.84608398E+01	
-7.00000000E+01	-2.90811648E+01	-2.79725913E+01	-2.84889676E+01	-2.83240937E+01	-2.81563128E+01	-2.80807266E+01	
-6.90000000E+01	-2.90750535E+01	-2.79221500E+01	-2.84637883E+01	-2.82894717E+01	-2.81211074E+01	-2.80407717E+01	
-6.80000000E+01	-2.93966506E+01	-2.81853396E+01	-2.87592869E+01	-2.85732016E+01	-2.84002466E+01	-2.83137376E+01	
-6.70000000E+01	-3.00386774E+01	-2.87535748E+01	-2.93686271E+01	-2.91679934E+01	-2.89867599E+01	-2.88921941E+01	
-6.60000000E+01	-3.10124624E+01	-2.96380745E+01	-3.03045564E+01	-3.00863343E+01	-2.98929665E+01	-2.97880349E+01	
-6.50000000E+01	-3.23501001E+01	-3.08730843E+01	-3.16030560E+01	-3.13645164E+01	-3.11546320E+01	-3.10362064E+01	
-6.40000000E+01	-3.41084612E+01	-3.25270934E+01	-3.33336434E+01	-3.30732087E+01	-3.28412985E+01	-3.27057202E+01	
-6.30000000E+01	-3.63680560E+01	-3.47282629E+01	-3.56195358E+01	-3.53426193E+01	-3.50823852E+01	-3.49246001E+01	
-6.20000000E+01	-3.91751681E+01	-3.77287303E+01	-3.86687161E+01	-3.84152140E+01	-3.81217842E+01	-3.79384715E+01	
-6.10000000E+01	-4.21395147E+01	-4.20676654E+01	-4.26982699E+01	-4.27020653E+01	-4.24050561E+01	-4.22301217E+01	
-6.00000000E+01	-4.33635190E+01	-4.84116274E+01	-4.62643068E+01	-4.75345442E+01	-4.76036208E+01	-4.78617901E+01	
-5.90000000E+01	-4.18521665E+01	-4.80827512E+01	-4.45623554E+01	-4.59212981E+01	-4.62717584E+01	-4.69183502E+01	
-5.80000000E+01	-3.97699544E+01	-4.29484326E+01	-4.13394168E+01	-4.19994601E+01	-4.20978045E+01	-4.24196874E+01	
-5.70000000E+01	-3.81393607E+01	-3.98530129E+01	-3.90613803E+01	-3.94011280E+01	-3.93615032E+01	-3.95364825E+01	
-5.60000000E+01	-3.70168772E+01	-3.80004549E+01	-3.75970957E+01	-3.77768437E+01	-3.76528734E+01	-3.77564708E+01	
-5.50000000E+01	-3.62961061E+01	-3.69023526E+01	-3.67035761E+01	-3.67936902E+01	-3.66069743E+01	-3.66704581E+01	
-5.40000000E+01	-3.58620600E+01	-3.63157615E+01	-3.62138750E+01	-3.62546620E+01	-3.60158245E+01	-3.60561114E+01	
-5.30000000E+01	-3.55963101E+01	-3.60898556E+01	-3.59935313E+01	-3.60184680E+01	-3.57367497E+01	-3.57663583E+01	
-5.20000000E+01	-3.53665594E+01	-3.60894761E+01	-3.59033051E+01	-3.59475710E+01	-3.56373197E+01	-3.56680537E+01	
-5.10000000E+01	-3.50322974E+01	-3.61479961E+01	-3.57756108E+01	-3.58759196E+01	-3.55637852E+01	-3.56061270E+01	
-5.00000000E+01	-3.44816540E+01	-3.60456021E+01	-3.54321011E+01	-3.56146711E+01	-3.53371634E+01	-3.53988847E+01	
-4.90000000E+01	-3.36802404E+01	-3.55723170E+01	-3.47581062E+01	-3.50192371E+01	-3.48091691E+01	-3.48884417E+01	
-4.80000000E+01	-3.26807283E+01	-3.46574803E+01	-3.37693083E+01	-3.40761232E+01	-3.39424959E+01	-3.40286682E+01	
-4.70000000E+01	-3.15791494E+01	-3.34184441E+01	-3.25851923E+01	-3.28981356E+01	-3.28258943E+01	-3.29058161E+01	
-4.60000000E+01	-3.04650477E+01	-3.20442926E+01	-3.13400783E+01	-3.16318521E+01	-3.15975226E+01	-3.16626052E+01	
-4.50000000E+01	-2.93995270E+01	-3.06818455E+01	-3.01300021E+01	-3.03875883E+01	-3.03710130E+01	-3.04177007E+01	
-4.40000000E+01	-2.84163758E+01	-2.94102012E+01	-2.90076037E+01	-2.92269711E+01	-2.92145908E+01	-2.92425050E+01	
-4.30000000E+01	-2.75304999E+01	-2.82620760E+01	-2.79947250E+01	-2.81766993E+01	-2.81606333E+01	-2.81710228E+01	
-4.20000000E+01	-2.67459137E+01	-2.72449996E+01	-2.70972447E+01	-2.72445456E+01	-2.72203840E+01	-2.72147658E+01	
-4.10000000E+01	-2.60608319E+01	-2.63553733E+01	-2.63125713E+01	-2.64283884E+01	-2.63937875E+01	-2.63740000E+01	
-4.00000000E+01	-2.54706793E+01	-2.55854849E+01	-2.56346638E+01	-2.57222879E+01	-2.56766783E+01	-2.56438217E+01	
-3.90000000E+01	-2.49698048E+01	-2.49261571E+01	-2.50565327E+01	-2.51187505E+01	-2.50618826E+01	-2.50173790E+01	
-3.80000000E+01	-2.45523784E+01	-2.43686885E+01	-2.45707170E+01	-2.46103109E+01	-2.45423146E+01	-2.44875234E+01	
-3.70000000E+01	-2.42128270E+01	-2.39048405E+01	-2.41705846E+01	-2.41899435E+01	-2.41114097E+01	-2.40472063E+01	
-3.60000000E+01	-2.39459589E+01	-2.35277087E+01	-2.38499906E+01	-2.38512612E+01	-2.37629042E+01	-2.36902788E+01	
-3.50000000E+01	-2.37470856E+01	-2.32309691E+01	-2.36035291E+01	-2.35888052E+01	-2.34913189E+01	-2.34110561E+01	
-3.40000000E+01	-2.36120724E+01	-2.30092180E+01	-2.34264819E+01	-2.33975121E+01	-2.32916597E+01	-2.32046477E+01	
-3.30000000E+01	-2.35373262E+01	-2.28579139E+01	-2.33148606E+01	-2.32733389E+01	-2.31600826E+01	-2.30669273E+01	
-3.20000000E+01	-2.35196873E+01	-2.27732887E+01	-2.32650469E+01	-2.32126728E+01	-2.30927979E+01	-2.29941662E+01	
-3.10000000E+01	-2.35564478E+01	-2.27520592E+01	-2.32741634E+01	-2.32124383E+01	-2.30869762E+01	-2.29834884E+01	
-3.00000000E+01	-2.36453673E+01	-2.27916011E+01	-2.33398432E+01	-2.32701970E+01	-2.31400874E+01	-2.30322376E+01	
-2.90000000E+01	-2.37846058E+01	-2.28897899E+01	-2.34598821E+01	-2.33839122E+01	-2.32499970E+01	-2.31386699E+01	
-2.80000000E+01	-2.39726779E+01	-2.30450184E+01	-2.36328147E+01	-2.35520599E+01	-2.34153794E+01	-2.33010631E+01	
-2.70000000E+01	-2.42084863E+01	-2.32560856E+01	-2.38576524E+01	-2.37734764E+01	-2.36350795E+01	-2.35183353E+01	
-2.60000000E+01	-2.44913410E+01	-2.35223065E+01	-2.41334834E+01	-2.40474836E+01	-2.39085410E+01	-2.37898646E+01	
-2.50000000E+01	-2.48209160E+01	-2.38436226E+01	-2.44601009E+01	-2.43739054E+01	-2.42353999E+01	-2.41154982E+01	
-2.40000000E+01	-2.51972597E+01	-2.42201460E+01	-2.48377002E+01	-2.47529703E+01	-2.46160920E+01	-2.44956542E+01	
-2.30000000E+01	-2.56208440E+01	-2.46528252E+01	-2.52666731E+01	-2.51854166E+01	-2.50513746E+01	-2.49309621E+01	
-2.20000000E+01	-2.60925986E+01	-2.51431536E+01	-2.57485402E+01	-2.56725617E+01	-2.55427792E+01	-2.54230643E+01	
-2.10000000E+01	-2.66139595E+01	-2.56932903E+01	-2.62847961E+01	-2.62163447E+01	-2.60921949E+01	-2.59740026E+01	
-2.00000000E+01	-2.71869334E+01	-2.63063440E+01	-2.68779527E+01	-2.68194908E+01	-2.67027100E+01	-2.65867704E+01	
-1.90000000E+01	-2.78142383E+01	-2.69863486E+01	-2.75311287E+01	-2.74856281E+01	-2.73778346E+01	-2.72652745E+01	
-1.80000000E+01	-2.84993221E+01	-2.77387863E+01	-2.82487091E+01	-2.82195195E+01	-2.81226644E+01	-2.80146004E+01	
-1.70000000E+01	-2.92467269E+01	-2.85706835E+01	-2.90360294E+01	-2.90272997E+01	-2.89436128E+01	-2.88413907E+01	
-1.60000000E+01	-3.00621135E+01	-2.94913096E+01	-2.99001941E+01	-2.99170588E+01	-2.98489475E+01	-2.97542485E+01	
-1.50000000E+01	-3.09527330E+01	-3.05130293E+01	-3.08499700E+01	-3.08991458E+01	-3.08490217E+01	-3.07643122E+01	
-1.40000000E+01	-3.19278353E+01	-3.16520712E+01	-3.18973545E+01	-3.19871904E+01	-3.19578142E+01	-3.18859759E+01	
-1.30000000E+01	-3.29992209E+01	-3.29304720E+01	-3.30569104E+01	-3.31992516E+01	-3.31928561E+01	-3.31379827E+01	
-1.20000000E+01	-3.41820155E+01	-3.43784950E+01	-3.43485280E+01	-3.45592197E+01	-3.45763610E+01	-3.45443538E+01	
-1.10000000E+01	-3.54956062E+01	-3.60372753E+01	-3.57968812E+01	-3.60987692E+01	-3.61353225E+01	-3.61345460E+01	
-1.00000000E+01	-3.69644726E+01	-3.79618587E+01	-3.74326031E+01	-3.78585230E+01	-3.78970208E+01	-3.79394186E+01	
-9.00000000E+00	-3.86176628E+01	-4.02142203E+01	-3.92874338E+01	-3.98831020E+01	-3.98692648E+01	-3.99700312E+01	
-8.00000000E+00	-4.04829608E+01	-4.28001806E+01	-4.13710385E+01	-4.21865882E+01	-4.19679637E+01	-4.21351650E+01	
-7.00000000E+00	-4.25599477E+01	-4.53503932E+01	-4.35818285E+01	-4.45978144E+01	-4.38210159E+01	-4.40104718E+01	
-6.00000000E+00	-4.47245762E+01	-4.64445882E+01	-4.54590337E+01	-4.63339827E+01	-4.46243937E+01	-4.46949431E+01	
-5.00000000E+00	-4.64949009E+01	-4.51623280E+01	-4.60730709E+01	-4.62019986E+01	-4.39510908E+01	-4.38264652E+01	
-4.00000000E+00	-4.70082664E+01	-4.29944249E+01	-4.51432232E+01	-4.45863776E+01	-4.24652985E+01	-4.22158477E+01	
-3.00000000E+00	-4.60962355E+01	-4.09843187E+01	-4.35361339E+01	-4.26934959E+01	-4.08727503E+01	-4.05681226E+01	
-2.00000000E+00	-4.45762870E+01	-3.93084358E+01	-4.19283352E+01	-4.10068801E+01	-3.94348781E+01	-3.91074478E+01	
-1.00000000E+00	-4.30596635E+01	-3.79221099E+01	-4.05203567E+01	-3.95883403E+01	-3.81932796E+01	-3.78548779E+01	
0.00000000E+00	-4.17333717E+01	-3.67581519E+01	-3.93249639E+01	-3.83989789E+01	-3.71261176E+01	-3.67804113E+01	
1.00000000E+00	-4.06130052E+01	-3.57604283E+01	-3.83095614E+01	-3.73891289E+01	-3.62000418E+01	-3.58473607E+01	
2.00000000E+00	-3.96702651E+01	-3.48859215E+01	-3.74366418E+01	-3.65158746E+01	-3.53836077E+01	-3.50230697E+01	
3.00000000E+00	-3.88707047E+01	-3.41014625E+01	-3.66729009E+01	-3.57447328E+01	-3.46500625E+01	-3.42803985E+01	
4.00000000E+00	-3.81829148E+01	-3.33815023E+01	-3.59902347E+01	-3.50479541E+01	-3.39770799E+01	-3.35969925E+01	
5.00000000E+00	-3.75796134E+01	-3.27058394E+01	-3.53650870E+01	-3.44030576E+01	-3.33461244E+01	-3.29546531E+01	
6.00000000E+00	-3.70370593E+01	-3.20588267E+01	-3.47777141E+01	-3.37917947E+01	-3.27420513E+01	-3.23387037E+01	
7.00000000E+00	-3.65342971E+01	-3.14285158E+01	-3.42116661E+01	-3.31995552E+01	-3.21528559E+01	-3.17376502E+01	
8.00000000E+00	-3.60528920E+01	-3.08063413E+01	-3.36535952E+01	-3.26149417E+01	-3.15693115E+01	-3.11428823E+01	
9.00000000E+00	-3.55766951E+01	-3.01865997E+01	-3.30933263E+01	-3.20298438E+01	-3.09851154E+01	-3.05485951E+01	
1.00000000E+01	-3.50923367E+01	-2.95662911E+01	-3.25239239E+01	-3.14390464E+01	-3.03964011E+01	-2.99514784E+01	
1.10000000E+01	-3.45896202E+01	-2.89445642E+01	-3.19414456E+01	-3.08400690E+01	-2.98017342E+01	-2.93503841E+01	
1.20000000E+01	-3.40618273E+01	-2.83223301E+01	-3.13448559E+01	-3.02328170E+01	-2.92015653E+01	-2.87459332E+01	
1.30000000E+01	-3.35060970E+01	-2.77016475E+01	-3.07355023E+01	-2.96190066E+01	-2.85978418E+01	-2.81401783E+01	
1.40000000E+01	-3.29229682E+01	-2.70855837E+01	-3.01165219E+01	-2.90017313E+01	-2.79935671E+01	-2.75361047E+01	
1.50000000E+01	-3.23159779E+01	-2.64774107E+01	-2.94923857E+01	-2.83849612E+01	-2.73924467E+01	-2.69371017E+01	
1.60000000E+01	-3.16907629E+01	-2.58806871E+01	-2.88679936E+01	-2.77729573E+01	-2.67982656E+01	-2.63469495E+01	
1.70000000E+01	-3.10541932E+01	-2.52988259E+01	-2.82485334E+01	-2.71700706E+01	-2.62151066E+01	-2.57692550E+01	
1.80000000E+01	-3.04135640E+01	-2.47351488E+01	-2.76390322E+01	-2.65805005E+01	-2.56465861E+01	-2.52075070E+01	
1.90000000E+01	-2.97759672E+01	-2.41925943E+01	-2.70440787E+01	-2.60080695E+01	-2.50961766E+01	-2.46649387E+01	
2.00000000E+01	-2.91480103E+01	-2.36738782E+01	-2.64677657E+01	-2.54561831E+01	-2.45669479E+01	-2.41444839E+01	
2.10000000E+01	-2.85354482E+01	-2.31814060E+01	-2.59137611E+01	-2.49279672E+01	-2.40617610E+01	-2.36487309E+01	
2.20000000E+01	-2.79432954E+01	-2.27173758E+01	-2.53851707E+01	-2.44260618E+01	-2.35831121E+01	-2.31800723E+01	
2.30000000E+01	-2.73758240E+01	-2.22837691E+01	-2.48847436E+01	-2.39528569E+01	-2.31332199E+01	-2.27406031E+01	
2.40000000E+01	-2.68365567E+01	-2.18823671E+01	-2.44148540E+01	-2.35105216E+01	-2.27140668E+01	-2.23323097E+01	
2.50000000E+01	-2.63285546E+01	-2.15149238E+01	-2.39776870E+01	-2.31009575E+01	-2.23275956E+01	-2.19569895E+01	
2.60000000E+01	-2.58544777E+01	-2.11831136E+01	-2.35751660E+01	-2.27260323E+01	-2.19755998E+01	-2.16164065E+01	
2.70000000E+01	-2.54166923E+01	-2.08885285E+01	-2.32091398E+01	-2.23874907E+01	-2.16597024E+01	-2.13122476E+01	
2.80000000E+01	-2.50173137E+01	-2.06329939E+01	-2.28814351E+01	-2.20870417E+01	-2.13818535E+01	-2.10462788E+01	
2.90000000E+01	-2.46583825E+01	-2.04180561E+01	-2.25938282E+01	-2.18265145E+01	-2.11435548E+01	-2.08202252E+01	
3.00000000E+01	-2.43419982E+01	-2.02456994E+01	-2.23482054E+01	-2.16076972E+01	-2.09469307E+01	-2.06359206E+01	
3.10000000E+01	-2.40701912E+01	-2.01178544E+01	-2.21464882E+01	-2.14325436E+01	-2.07937853E+01	-2.04954256E+01	
3.20000000E+01	-2.38451265E+01	-2.00366653E+01	-2.19908442E+01	-2.13032114E+01	-2.06863364E+01	-2.04008838E+01	
3.30000000E+01	-2.36690833E+01	-2.00045731E+01	-2.18834126E+01	-2.12219439E+01	-2.06268561E+01	-2.03546222E+01	
3.40000000E+01	-2.35445685E+01	-2.00241217E+01	-2.18267721E+01	-2.11913278E+01	-2.06178515E+01	-2.03592299E+01	
3.50000000E+01	-2.34742322E+01	-2.00982655E+01	-2.18237191E+01	-2.12139870E+01	-2.06622525E+01	-2.04175365E+01	
3.60000000E+01	-2.34609452E+01	-2.02301830E+01	-2.18770764E+01	-2.12931527E+01	-2.07631176E+01	-2.05327115E+01	
3.70000000E+01	-2.35078640E+01	-2.04235768E+01	-2.19903230E+01	-2.14320920E+01	-2.09237654E+01	-2.07083054E+01	
3.80000000E+01	-2.36182821E+01	-2.06823450E+01	-2.21669180E+01	-2.16345141E+01	-2.11481691E+01	-2.09481144E+01	
3.90000000E+01	-2.37957184E+01	-2.10110843E+01	-2.24109356E+01	-2.19044001E+01	-2.14403113E+01	-2.12564629E+01	
4.00000000E+01	-2.40436906E+01	-2.14145081E+01	-2.27263795E+01	-2.22461401E+01	-2.18047923E+01	-2.16379894E+01	
4.10000000E+01	-2.43656100E+01	-2.18982362E+01	-2.31173934E+01	-2.26642080E+01	-2.22462064E+01	-2.20976497E+01	
4.20000000E+01	-2.47643410E+01	-2.24676257E+01	-2.35881800E+01	-2.31630941E+01	-2.27695211E+01	-2.26406490E+01	
4.30000000E+01	-2.52415702E+01	-2.31282497E+01	-2.41421951E+01	-2.37467773E+01	-2.33790946E+01	-2.32718395E+01	
4.40000000E+01	-2.57968376E+01	-2.38851098E+01	-2.47814031E+01	-2.44180454E+01	-2.40785002E+01	-2.39952555E+01	
4.50000000E+01	-2.64257544E+01	-2.47406379E+01	-2.55047625E+01	-2.51769856E+01	-2.48688617E+01	-2.48127547E+01	
4.60000000E+01	-2.71173206E+01	-2.56936557E+01	-2.63058486E+01	-2.60185417E+01	-2.57462272E+01	-2.57213545E+01	
4.70000000E+01	-2.78505211E+01	-2.67330211E+01	-2.71681019E+01	-2.69282023E+01	-2.66978407E+01	-2.67093980E+01	
4.80000000E+01	-2.85901613E+01	-2.78318191E+01	-2.80604920E+01	-2.78765007E+01	-2.76957798E+01	-2.77493908E+01	
4.90000000E+01	-2.92852965E+01	-2.89366423E+01	-2.89312144E+01	-2.88122619E+01	-2.86893085E+01	-2.87898115E+01	
5.00000000E+01	-2.98739204E+01	-2.99593082E+01	-2.97082299E+01	-2.96607553E+01	-2.96011016E+01	-2.97496907E+01	
5.10000000E+01	-3.02994788E+01	-3.07869296E+01	-3.03128859E+01	-3.03360264E+01	-3.03374443E+01	-3.05279518E+01	
5.20000000E+01	-3.05343383E+01	-3.13246497E+01	-3.06912154E+01	-3.07738882E+01	-3.08232216E+01	-3.10412722E+01	
5.30000000E+01	-3.05947129E+01	-3.15538554E+01	-3.08443811E+01	-3.09680730E+01	-3.10445286E+01	-3.12722078E+01	
5.40000000E+01	-3.05325205E+01	-3.15457390E+01	-3.08285022E+01	-3.09755945E+01	-3.10586800E+01	-3.12819311E+01	
5.50000000E+01	-3.04112818E+01	-3.14137469E+01	-3.07241989E+01	-3.08835053E+01	-3.09578956E+01	-3.11705176E+01	
5.60000000E+01	-3.02833011E+01	-3.12534058E+01	-3.06028868E+01	-3.07697197E+01	-3.08258877E+01	-3.10261414E+01	
5.70000000E+01	-3.01765478E+01	-3.11136624E+01	-3.05066428E+01	-3.06803215E+01	-3.07105219E+01	-3.08974668E+01	
5.80000000E+01	-3.00897171E+01	-3.09924453E+01	-3.04421780E+01	-3.06225484E+01	-3.06180112E+01	-3.07876023E+01	
5.90000000E+01	-2.99911395E+01	-3.08405275E+01	-3.03794770E+01	-3.05637318E+01	-3.05123887E+01	-3.06558440E+01	
6.00000000E+01	-2.98223635E+01	-3.05738602E+01	-3.02550919E+01	-3.04352118E+01	-3.03239061E+01	-3.04272410E+01	
6.10000000E+01	-2.95131694E+01	-3.01053003E+01	-2.99868522E+01	-3.01489948E+01	-2.99689396E+01	-3.00180710E+01	
6.20000000E+01	-2.90104406E+01	-2.93920702E+01	-2.95066446E+01	-2.96358461E+01	-2.93898144E+01	-2.93779624E+01	
6.30000000E+01	-2.83075447E+01	-2.84640771E+01	-2.87991911E+01	-2.88860552E+01	-2.85896634E+01	-2.85217502E+01	
6.40000000E+01	-2.74501586E+01	-2.74055761E+01	-2.79128728E+01	-2.79570807E+01	-2.76321447E+01	-2.75216993E+01	
6.50000000E+01	-2.65132878E+01	-2.63119293E+01	-2.69326058E+01	-2.69407846E+01	-2.66063886E+01	-2.64688541E+01	
6.60000000E+01	-2.55720861E+01	-2.52588503E+01	-2.59432155E+01	-2.59242892E+01	-2.55931357E+01	-2.54410761E+01	
6.70000000E+01	-2.46854000E+01	-2.42960549E+01	-2.50092218E+01	-2.49712680E+01	-2.46500339E+01	-2.44919305E+01	
6.80000000E+01	-2.38930920E+01	-2.34519417E+01	-2.41724121E+01	-2.41215614E+01	-2.38129099E+01	-2.36538747E+01	
6.90000000E+01	-2.32201376E+01	-2.27414553E+01	-2.34573499E+01	-2.33976673E+01	-2.31016862E+01	-2.29444473E+01	
7.00000000E+01	-2.26817844E+01	-2.21715363E+01	-2.28773254E+01	-2.28111608E+01	-2.25268640E+01	-2.23725839E+01	
7.10000000E+01	-2.22875194E+01	-2.17447510E+01	-2.24390674E+01	-2.23674136E+01	-2.20930899E+01	-2.19418892E+01	
7.20000000E+01	-2.20437973E+01	-2.14610420E+01	-2.21454696E+01	-2.20680609E+01	-2.18015960E+01	-2.16530151E+01	
7.30000000E+01	-2.19554312E+01	-2.13182988E+01	-2.19965606E+01	-2.19119890E+01	-2.16511651E+01	-2.15041670E+01	
7.40000000E+01	-2.20258869E+01	-2.13117768E+01	-2.19894790E+01	-2.18950074E+01	-2.16373777E+01	-2.14906046E+01	
7.50000000E+01	-2.22564889E+01	-2.14321669E+01	-2.21168025E+01	-2.20080348E+01	-2.17510804E+01	-2.16029364E+01	
7.60000000E+01	-2.26434374E+01	-2.16624529E+01	-2.23632287E+01	-2.22339276E+01	-2.19750905E+01	-2.18236506E+01	
7.70000000E+01	-2.31717285E+01	-2.19725075E+01	-2.26999982E+01	-2.25417923E+01	-2.22788062E+01	-2.21222095E+01	
7.80000000E+01	-2.38033519E+01	-2.23132442E+01	-2.30776419E+01	-2.28807223E+01	-2.26122054E+01	-2.24491800E+01	
7.90000000E+01	-2.44589916E+01	-2.26131580E+01	-2.34202209E+01	-2.31760360E+01	-2.29026417E+01	-2.27333097E+01	
8.00000000E+01	-2.50023266E+01	-2.27858309E+01	-2.36318567E+01	-2.33378450E+01	-2.30629609E+01	-2.28898881E+01	
8.10000000E+01	-2.52595927E+01	-2.27573469E+01	-2.36255804E+01	-2.32899567E+01	-2.30194685E+01	-2.28475219E+01	
8.20000000E+01	-2.51097381E+01	-2.25021854E+01	-2.33682095E+01	-2.30089089E+01	-2.27487626E+01	-2.25835699E+01	
8.30000000E+01	-2.45814114E+01	-2.20591415E+01	-2.29014970E+01	-2.25385705E+01	-2.22922271E+01	-2.21377105E+01	
8.40000000E+01	-2.38298137E+01	-2.15096065E+01	-2.23175328E+01	-2.19654309E+01	-2.17328609E+01	-2.15904178E+01	
8.50000000E+01	-2.30267958E+01	-2.09412780E+01	-2.17143475E+01	-2.13797764E+01	-2.11586549E+01	-2.10273748E+01	
8.60000000E+01	-2.22940783E+01	-2.04246193E+01	-2.11690206E+01	-2.08527907E+01	-2.06398796E+01	-2.05177550E+01	
8.70000000E+01	-2.17007730E+01	-2.00085702E+01	-2.07334474E+01	-2.04330602E+01	-2.02247864E+01	-2.01096207E+01	
8.80000000E+01	-2.12826637E+01	-1.97250918E+01	-2.04405809E+01	-2.01520242E+01	-1.99450503E+01	-1.98346150E+01	
8.90000000E+01	-2.10592632E+01	-1.95956083E+01	-2.03124540E+01	-2.00310078E+01	-1.98220459E+01	-1.97142252E+01	
9.00000000E+01	-2.10445468E+01	-1.96368123E+01	-2.03663648E+01	-2.00869490E+01	-1.98725583E+01	-1.97654029E+01	
9.10000000E+01	-2.12535590E+01	-1.98644198E+01	-2.06196722E+01	-2.03366670E+01	-2.01129464E+01	-2.00044432E+01	
9.20000000E+01	-2.17071100E+01	-2.02968238E+01	-2.10936172E+01	-2.08003915E+01	-2.05625426E+01	-2.04503786E+01	
9.30000000E+01	-2.24367879E+01	-2.09578587E+01	-2.18173496E+01	-2.15055601E+01	-2.12469497E+01	-2.11282967E+01	
9.40000000E+01	-2.34920762E+01	-2.18806800E+01	-2.28334236E+01	-2.24913502E+01	-2.22021979E+01	-2.20732014E+01	
9.50000000E+01	-2.49527109E+01	-2.31121545E+01	-2.42059755E+01	-2.38159306E+01	-2.34802279E+01	-2.33349791E+01	
9.60000000E+01	-2.69506178E+01	-2.47169270E+01	-2.60327972E+01	-2.55655761E+01	-2.51549293E+01	-2.49839006E+01	
9.70000000E+01	-2.96999832E+01	-2.67707716E+01	-2.84531932E+01	-2.78583199E+01	-2.73183450E+01	-2.71051047E+01	
9.80000000E+01	-3.33854195E+01	-2.92787805E+01	-3.15467427E+01	-3.07578862E+01	-2.99898618E+01	-2.97106281E+01	
9.90000000E+01	-3.62765784E+01	-3.17197578E+01	-3.43786053E+01	-3.35563937E+01	-3.25416170E+01	-3.22136849E+01	
1.00000000E+02	-3.39032237E+01	-3.22703189E+01	-3.37174791E+01	-3.35000939E+01	-3.27822160E+01	-3.25752328E+01	
1.01000000E+02	-3.03347657E+01	-3.04609006E+01	-3.07883065E+01	-3.09013212E+01	-3.06081768E+01	-3.05430799E+01	
1.02000000E+02	-2.76918782E+01	-2.82228073E+01	-2.82272754E+01	-2.83821052E+01	-2.82477357E+01	-2.82306463E+01	
1.03000000E+02	-2.58275117E+01	-2.63957936E+01	-2.63479149E+01	-2.64847057E+01	-2.63969233E+01	-2.63904498E+01	
1.04000000E+02	-2.45225848E+01	-2.50472610E+01	-2.50179793E+01	-2.51296598E+01	-2.50520040E+01	-2.50452530E+01	
1.05000000E+02	-2.36423471E+01	-2.41108644E+01	-2.41181691E+01	-2.42067938E+01	-2.41260898E+01	-2.41162712E+01	
1.06000000E+02	-2.31082290E+01	-2.35240139E+01	-2.35716748E+01	-2.36403804E+01	-2.35508073E+01	-2.35371472E+01	
1.07000000E+02	-2.28752630E+01	-2.32444793E+01	-2.33328793E+01	-2.33840207E+01	-2.32821508E+01	-2.32645118E+01	
1.08000000E+02	-2.29204511E+01	-2.32477058E+01	-2.33776897E+01	-2.34125744E+01	-2.32953145E+01	-2.32738456E+01	
1.09000000E+02	-2.32371131E+01	-2.35238542E+01	-2.36983874E+01	-2.37170239E+01	-2.35804038E+01	-2.35551017E+01	
1.10000000E+02	-2.38331528E+01	-2.40756751E+01	-2.43013694E+01	-2.43021825E+01	-2.41402939E+01	-2.41110097E+01	
1.11000000E+02	-2.47318276E+01	-2.49169731E+01	-2.52072780E+01	-2.51859195E+01	-2.49891610E+01	-2.49553033E+01	
1.12000000E+02	-2.59743375E+01	-2.60697058E+01	-2.64510710E+01	-2.63981886E+01	-2.61498300E+01	-2.61099577E+01	
1.13000000E+02	-2.76214694E+01	-2.75511749E+01	-2.80762357E+01	-2.79720903E+01	-2.76418036E+01	-2.75924356E+01	
1.14000000E+02	-2.97347676E+01	-2.93229848E+01	-3.00943740E+01	-2.98977839E+01	-2.94321579E+01	-2.93658491E+01	
1.15000000E+02	-3.22336892E+01	-3.11184788E+01	-3.22918216E+01	-3.19331139E+01	-3.12654014E+01	-3.11686434E+01	
1.16000000E+02	-3.42608518E+01	-3.21564445E+01	-3.37070125E+01	-3.31801915E+01	-3.23623036E+01	-3.22279582E+01	
1.17000000E+02	-3.39467362E+01	-3.16595067E+01	-3.30958159E+01	-3.26084151E+01	-3.19032543E+01	-3.17577133E+01	
1.18000000E+02	-3.17984948E+01	-3.01303138E+01	-3.12005893E+01	-3.08643040E+01	-3.03726060E+01	-3.02420382E+01	
1.19000000E+02	-2.95787316E+01	-2.84666423E+01	-2.92711241E+01	-2.90439112E+01	-2.86955002E+01	-2.85816052E+01	
1.20000000E+02	-2.77955108E+01	-2.70451776E+01	-2.76966243E+01	-2.75325828E+01	-2.72620120E+01	-2.71599602E+01	
1.21000000E+02	-2.64475455E+01	-2.59364074E+01	-2.65000293E+01	-2.63731615E+01	-2.61440528E+01	-2.60497765E+01	
1.22000000E+02	-2.54626953E+01	-2.51247984E+01	-2.56352223E+01	-2.55319213E+01	-2.53249335E+01	-2.52360111E+01	
1.23000000E+02	-2.47793573E+01	-2.45815258E+01	-2.50569908E+01	-2.49701501E+01	-2.47745357E+01	-2.46896605E+01	
1.24000000E+02	-2.43541528E+01	-2.42830633E+01	-2.47324454E+01	-2.46585817E+01	-2.44678598E+01	-2.43865737E+01	
1.25000000E+02	-2.41585431E+01	-2.42143019E+01	-2.46407524E+01	-2.45785945E+01	-2.43884314E+01	-2.43108384E+01	
1.26000000E+02	-2.41754496E+01	-2.43695271E+01	-2.47716475E+01	-2.47215942E+01	-2.45286480E+01	-2.44556428E+01	
1.27000000E+02	-2.43970765E+01	-2.47526924E+01	-2.51246817E+01	-2.50887255E+01	-2.48899710E+01	-2.48228262E+01	
1.28000000E+02	-2.48241953E+01	-2.53794931E+01	-2.57097922E+01	-2.56918242E+01	-2.54834942E+01	-2.54246775E+01	
1.29000000E+02	-2.54665742E+01	-2.62808148E+01	-2.65491920E+01	-2.65559232E+01	-2.63325136E+01	-2.62856235E+01	
1.30000000E+02	-2.63448770E+01	-2.75112649E+01	-2.76822452E+01	-2.77248175E+01	-2.74763773E+01	-2.74474362E+01	
1.31000000E+02	-2.74944886E+01	-2.91650539E+01	-2.91725067E+01	-2.92701346E+01	-2.89762279E+01	-2.89749912E+01	
1.32000000E+02	-2.89724264E+01	-3.14091836E+01	-3.11175279E+01	-3.13052348E+01	-3.09175608E+01	-3.09603277E+01	
1.33000000E+02	-3.08672046E+01	-3.45382815E+01	-3.36364779E+01	-3.39767948E+01	-3.33660927E+01	-3.34763553E+01	
1.34000000E+02	-3.33007552E+01	-3.87864371E+01	-3.66346128E+01	-3.71789525E+01	-3.60209408E+01	-3.61851366E+01	
1.35000000E+02	-3.63146729E+01	-4.06983231E+01	-3.84753818E+01	-3.88198161E+01	-3.70791252E+01	-3.70863337E+01	
1.36000000E+02	-3.89655859E+01	-3.66296544E+01	-3.67241168E+01	-3.64884949E+01	-3.51679171E+01	-3.49501990E+01	
1.37000000E+02	-3.83213829E+01	-3.28196741E+01	-3.37413923E+01	-3.33276317E+01	-3.24514025E+01	-3.21667723E+01	
1.38000000E+02	-3.54467995E+01	-3.00747538E+01	-3.12127194E+01	-3.07778816E+01	-3.01204470E+01	-2.98280063E+01	
1.39000000E+02	-3.27986537E+01	-2.80351885E+01	-2.92390829E+01	-2.88124823E+01	-2.82639395E+01	-2.79755145E+01	
1.40000000E+02	-3.07322984E+01	-2.64649401E+01	-2.76941186E+01	-2.72784523E+01	-2.67886110E+01	-2.65051706E+01	
1.41000000E+02	-2.91338895E+01	-2.52278232E+01	-2.64707484E+01	-2.60638001E+01	-2.56074795E+01	-2.53280021E+01	
1.42000000E+02	-2.78845282E+01	-2.42410145E+01	-2.54950688E+01	-2.50940170E+01	-2.46573263E+01	-2.43803816E+01	
1.43000000E+02	-2.69007451E+01	-2.34507979E+01	-2.47164026E+01	-2.43186567E+01	-2.38933354E+01	-2.36177723E+01	
1.44000000E+02	-2.61255328E+01	-2.28205729E+01	-2.40988461E+01	-2.37024239E+01	-2.32832250E+01	-2.30079300E+01	
1.45000000E+02	-2.55191883E+01	-2.23241998E+01	-2.36164775E+01	-2.32197393E+01	-2.28030970E+01	-2.25273627E+01	
1.46000000E+02	-2.50531342E+01	-2.19423190E+01	-2.32498192E+01	-2.28515217E+01	-2.24349403E+01	-2.21581283E+01	
1.47000000E+02	-2.47062062E+01	-2.16601445E+01	-2.29839633E+01	-2.25830558E+01	-2.21647369E+01	-2.18865256E+01	
1.48000000E+02	-2.44622450E+01	-2.14661563E+01	-2.28071817E+01	-2.24028086E+01	-2.19814856E+01	-2.17014576E+01	
1.49000000E+02	-2.43086669E+01	-2.13511965E+01	-2.27100206E+01	-2.23015385E+01	-2.18761380E+01	-2.15939670E+01	
1.50000000E+02	-2.42353353E+01	-2.13077377E+01	-2.26848071E+01	-2.22716562E+01	-2.18413536E+01	-2.15570240E+01	
1.51000000E+02	-2.42340606E+01	-2.13295452E+01	-2.27251304E+01	-2.23069462E+01	-2.18711432E+01	-2.15845403E+01	
1.52000000E+02	-2.42979802E+01	-2.14114464E+01	-2.28256646E+01	-2.24020656E+01	-2.19602245E+01	-2.16712395E+01	
1.53000000E+02	-2.44213782E+01	-2.15490325E+01	-2.29818272E+01	-2.25525590E+01	-2.21043029E+01	-2.18130263E+01	
1.54000000E+02	-2.45992846E+01	-2.17384906E+01	-2.31895863E+01	-2.27545012E+01	-2.22994538E+01	-2.20058927E+01	
1.55000000E+02	-2.48273725E+01	-2.19765331E+01	-2.34454577E+01	-2.30044899E+01	-2.25423385E+01	-2.22466768E+01	
1.56000000E+02	-2.51017849E+01	-2.22601629E+01	-2.37463354E+01	-2.32994908E+01	-2.28300142E+01	-2.25324637E+01	
1.57000000E+02	-2.54189940E+01	-2.25868174E+01	-2.40894074E+01	-2.36367251E+01	-2.31596815E+01	-2.28604139E+01	
1.58000000E+02	-2.57757624E+01	-2.29540559E+01	-2.44719565E+01	-2.40136069E+01	-2.35288313E+01	-2.32281765E+01	
1.59000000E+02	-2.61689404E+01	-2.33595968E+01	-2.48914597E+01	-2.44277538E+01	-2.39350409E+01	-2.36334388E+01	
1.60000000E+02	-2.65954887E+01	-2.38013134E+01	-2.53454889E+01	-2.48767273E+01	-2.43759760E+01	-2.40738524E+01	
1.61000000E+02	-2.70522914E+01	-2.42770582E+01	-2.58314080E+01	-2.53581919E+01	-2.48493080E+01	-2.45471626E+01	
1.62000000E+02	-2.75361492E+01	-2.47845990E+01	-2.63466284E+01	-2.58696095E+01	-2.53525230E+01	-2.50510735E+01	
1.63000000E+02	-2.80436484E+01	-2.53216233E+01	-2.68882967E+01	-2.64083367E+01	-2.58829962E+01	-2.55829790E+01	
1.64000000E+02	-2.85710330E+01	-2.58855270E+01	-2.74532347E+01	-2.69713955E+01	-2.64378063E+01	-2.61401854E+01	
1.65000000E+02	-2.91141478E+01	-2.64734651E+01	-2.80378048E+01	-2.75554550E+01	-2.70136887E+01	-2.67194737E+01	
1.66000000E+02	-2.96683367E+01	-2.70820808E+01	-2.86378719E+01	-2.81566331E+01	-2.76068002E+01	-2.73172284E+01	
1.67000000E+02	-3.02282528E+01	-2.77074556E+01	-2.92485379E+01	-2.87704309E+01	-2.82127883E+01	-2.79292749E+01	
1.68000000E+02	-3.07878908E+01	-2.83449082E+01	-2.98641127E+01	-2.93914997E+01	-2.88264285E+01	-2.85506005E+01	
1.69000000E+02	-3.13403906E+01	-2.89889278E+01	-3.04778865E+01	-3.00136266E+01	-2.94416805E+01	-2.91752806E+01	
1.70000000E+02	-3.18780871E+01	-2.96328960E+01	-3.10820848E+01	-3.06294446E+01	-3.00515237E+01	-2.97964857E+01	
1.71000000E+02	-3.23925248E+01	-3.02689796E+01	-3.16678428E+01	-3.12305156E+01	-3.06477651E+01	-3.04062242E+01	
1.72000000E+02	-3.28745658E+01	-3.08881708E+01	-3.22250603E+01	-3.18072418E+01	-3.12213206E+01	-3.09955425E+01	
1.73000000E+02	-3.33146752E+01	-3.14800148E+01	-3.27428357E+01	-3.23489436E+01	-3.17621214E+01	-3.15541642E+01	
1.74000000E+02	-3.37032331E+01	-3.20329240E+01	-3.32096174E+01	-3.28441896E+01	-3.22594652E+01	-3.20712468E+01	
1.75000000E+02	-3.40311147E+01	-3.25343963E+01	-3.36137747E+01	-3.32811549E+01	-3.27022320E+01	-3.25353935E+01	
1.76000000E+02	-3.42901852E+01	-3.29712697E+01	-3.39442980E+01	-3.36482818E+01	-3.30796398E+01	-3.29351672E+01	
1.77000000E+02	-3.44739496E+01	-3.33309705E+01	-3.41915642E+01	-3.39350853E+01	-3.33818670E+01	-3.32599117E+01	
1.78000000E+02	-3.45780339E+01	-3.36017087E+01	-3.43481875E+01	-3.41328904E+01	-3.36005682E+01	-3.35003729E+01	
1.79000000E+02	-3.46005469E+01	-3.37740098E+01	-3.44097330E+01	-3.42356485E+01	-3.37294904E+01	-3.36493485E+01	
1.80000000E+02	-3.45421898E+01	-3.38413556E+01	-3.43749124E+01	-3.42404289E+01	-3.37651483E+01	-3.37023053E+01	
