Far field
"Plane Wave Phi"[deg]	"1Blade_SEP_lam8_Carbide [dBsm]"	"1Blade_SEP_lam16_Carbide [dBsm]"	"1Blade_SEP_lam20_Carbide [dBsm]"	"1Blade_SEP_lam25_Carbide [dBsm]"	"1Blade_SEP_lam32_Carbide [dBsm]"	"1Blade_SEP_lam40_Carbide [dBsm]"	
-1.80000000E+02	-4.64217828E+01	-4.62169006E+01	-4.63106794E+01	-4.62845227E+01	-4.62344132E+01	-4.63044633E+01	
-1.79000000E+02	-4.63667471E+01	-4.61689956E+01	-4.62520755E+01	-4.62389211E+01	-4.61952932E+01	-4.62611514E+01	
-1.78000000E+02	-4.63164396E+01	-4.61272988E+01	-4.61989001E+01	-4.61991641E+01	-4.61623135E+01	-4.62238460E+01	
-1.77000000E+02	-4.62713386E+01	-4.60923330E+01	-4.61516201E+01	-4.61658156E+01	-4.61360768E+01	-4.61933876E+01	
-1.76000000E+02	-4.62320402E+01	-4.60649002E+01	-4.61107926E+01	-4.61394572E+01	-4.61172581E+01	-4.61703568E+01	
-1.75000000E+02	-4.61992931E+01	-4.60457237E+01	-4.60771272E+01	-4.61208254E+01	-4.61066338E+01	-4.61555634E+01	
-1.74000000E+02	-4.61739676E+01	-4.60356247E+01	-4.60514616E+01	-4.61107964E+01	-4.61050781E+01	-4.61498347E+01	
-1.73000000E+02	-4.61571219E+01	-4.60355300E+01	-4.60346960E+01	-4.61103147E+01	-4.61136068E+01	-4.61541588E+01	
-1.72000000E+02	-4.61498610E+01	-4.60464354E+01	-4.60279794E+01	-4.61204917E+01	-4.61332314E+01	-4.61694681E+01	
-1.71000000E+02	-4.61535355E+01	-4.60694164E+01	-4.60324532E+01	-4.61425361E+01	-4.61651605E+01	-4.61971606E+01	
-1.70000000E+02	-4.61695411E+01	-4.61056023E+01	-4.60495560E+01	-4.61777403E+01	-4.62106083E+01	-4.62382088E+01	
-1.69000000E+02	-4.61993853E+01	-4.61562872E+01	-4.60805562E+01	-4.62275163E+01	-4.62710408E+01	-4.62939649E+01	
-1.68000000E+02	-4.62447199E+01	-4.62226297E+01	-4.61270501E+01	-4.62933814E+01	-4.63477949E+01	-4.63657728E+01	
-1.67000000E+02	-4.63072374E+01	-4.63058588E+01	-4.61905061E+01	-4.63769058E+01	-4.64423570E+01	-4.64551001E+01	
-1.66000000E+02	-4.63887097E+01	-4.64074437E+01	-4.62726591E+01	-4.64797583E+01	-4.65562344E+01	-4.65633231E+01	
-1.65000000E+02	-4.64909815E+01	-4.65286407E+01	-4.63752632E+01	-4.66035483E+01	-4.66910558E+01	-4.66918611E+01	
-1.64000000E+02	-4.66159640E+01	-4.66705715E+01	-4.64999547E+01	-4.67499610E+01	-4.68482776E+01	-4.68419423E+01	
-1.63000000E+02	-4.67655195E+01	-4.68343596E+01	-4.66487186E+01	-4.69207796E+01	-4.70292515E+01	-4.70152233E+01	
-1.62000000E+02	-4.69415653E+01	-4.70212879E+01	-4.68225204E+01	-4.71175541E+01	-4.72355474E+01	-4.72126524E+01	
-1.61000000E+02	-4.71459588E+01	-4.72317656E+01	-4.70235855E+01	-4.73416276E+01	-4.74679627E+01	-4.74351645E+01	
-1.60000000E+02	-4.73803609E+01	-4.74664961E+01	-4.72532102E+01	-4.75945440E+01	-4.77275758E+01	-4.76834952E+01	
-1.59000000E+02	-4.76463670E+01	-4.77253046E+01	-4.75125572E+01	-4.78769767E+01	-4.80149714E+01	-4.79579610E+01	
-1.58000000E+02	-4.79452170E+01	-4.80078989E+01	-4.78027297E+01	-4.81897466E+01	-4.83296608E+01	-4.82577381E+01	
-1.57000000E+02	-4.82777629E+01	-4.83128024E+01	-4.81236133E+01	-4.85324988E+01	-4.86704368E+01	-4.85821007E+01	
-1.56000000E+02	-4.86441034E+01	-4.86374550E+01	-4.84755643E+01	-4.89043329E+01	-4.90357562E+01	-4.89285905E+01	
-1.55000000E+02	-4.90434338E+01	-4.89787883E+01	-4.88569842E+01	-4.93025875E+01	-4.94211356E+01	-4.92932060E+01	
-1.54000000E+02	-4.94735709E+01	-4.93313776E+01	-4.92652254E+01	-4.97237602E+01	-4.98216720E+01	-4.96708177E+01	
-1.53000000E+02	-4.99305010E+01	-4.96884185E+01	-4.96961567E+01	-5.01610633E+01	-5.02289901E+01	-5.00536642E+01	
-1.52000000E+02	-5.04076422E+01	-5.00411214E+01	-5.01431635E+01	-5.06056305E+01	-5.06324412E+01	-5.04322288E+01	
-1.51000000E+02	-5.08954076E+01	-5.03794545E+01	-5.05970892E+01	-5.10455058E+01	-5.10186470E+01	-5.07939188E+01	
-1.50000000E+02	-5.13802579E+01	-5.06919990E+01	-5.10449982E+01	-5.14655678E+01	-5.13727899E+01	-5.11256479E+01	
-1.49000000E+02	-5.18450402E+01	-5.09663197E+01	-5.14728926E+01	-5.18481831E+01	-5.16785277E+01	-5.14132515E+01	
-1.48000000E+02	-5.22693418E+01	-5.11916063E+01	-5.18620459E+01	-5.21751105E+01	-5.19213313E+01	-5.16441810E+01	
-1.47000000E+02	-5.26318994E+01	-5.13600463E+01	-5.21963278E+01	-5.24305429E+01	-5.20895982E+01	-5.18095303E+01	
-1.46000000E+02	-5.29135845E+01	-5.14681300E+01	-5.24596139E+01	-5.26027365E+01	-5.21795693E+01	-5.19034343E+01	
-1.45000000E+02	-5.31019965E+01	-5.15163823E+01	-5.26419317E+01	-5.26889659E+01	-5.21935846E+01	-5.19292375E+01	
-1.44000000E+02	-5.31942858E+01	-5.15098156E+01	-5.27419014E+01	-5.26946424E+01	-5.21417201E+01	-5.18946869E+01	
-1.43000000E+02	-5.31986023E+01	-5.14589009E+01	-5.27649649E+01	-5.26317933E+01	-5.20370052E+01	-5.18111096E+01	
-1.42000000E+02	-5.31313429E+01	-5.13735088E+01	-5.27239494E+01	-5.25177981E+01	-5.18970224E+01	-5.16939300E+01	
-1.41000000E+02	-5.30141946E+01	-5.12670137E+01	-5.26360809E+01	-5.23722161E+01	-5.17379364E+01	-5.15553738E+01	
-1.40000000E+02	-5.28692953E+01	-5.11508249E+01	-5.25199416E+01	-5.22116263E+01	-5.15731649E+01	-5.14102854E+01	
-1.39000000E+02	-5.27170659E+01	-5.10355078E+01	-5.23921153E+01	-5.20520271E+01	-5.14162427E+01	-5.12687589E+01	
-1.38000000E+02	-5.25742461E+01	-5.09296407E+01	-5.22686639E+01	-5.19053044E+01	-5.12764733E+01	-5.11411763E+01	
-1.37000000E+02	-5.24539824E+01	-5.08421981E+01	-5.21601097E+01	-5.17807006E+01	-5.11610007E+01	-5.10352532E+01	
-1.36000000E+02	-5.23660427E+01	-5.07783415E+01	-5.20767771E+01	-5.16863864E+01	-5.10762908E+01	-5.09564344E+01	
-1.35000000E+02	-5.23176422E+01	-5.07467141E+01	-5.20260123E+01	-5.16274915E+01	-5.10281996E+01	-5.09121925E+01	
-1.34000000E+02	-5.23144828E+01	-5.07519038E+01	-5.20145244E+01	-5.16098902E+01	-5.10201236E+01	-5.09064635E+01	
-1.33000000E+02	-5.23614939E+01	-5.08018965E+01	-5.20480874E+01	-5.16386528E+01	-5.10595173E+01	-5.09461745E+01	
-1.32000000E+02	-5.24637683E+01	-5.09041602E+01	-5.21338335E+01	-5.17201989E+01	-5.11516470E+01	-5.10395816E+01	
-1.31000000E+02	-5.26268513E+01	-5.10683460E+01	-5.22784621E+01	-5.18610249E+01	-5.13045421E+01	-5.11936342E+01	
-1.30000000E+02	-5.28580163E+01	-5.13070708E+01	-5.24916227E+01	-5.20712540E+01	-5.15289730E+01	-5.14201326E+01	
-1.29000000E+02	-5.31666116E+01	-5.16330854E+01	-5.27843165E+01	-5.23627964E+01	-5.18370757E+01	-5.17320115E+01	
-1.28000000E+02	-5.35651791E+01	-5.20664145E+01	-5.31718194E+01	-5.27500443E+01	-5.22449741E+01	-5.21473486E+01	
-1.27000000E+02	-5.40700561E+01	-5.26295501E+01	-5.36718397E+01	-5.32535530E+01	-5.27745077E+01	-5.26887688E+01	
-1.26000000E+02	-5.47032000E+01	-5.33551088E+01	-5.43112182E+01	-5.38999162E+01	-5.34549865E+01	-5.33858501E+01	
-1.25000000E+02	-5.54946828E+01	-5.42872882E+01	-5.51216059E+01	-5.47251729E+01	-5.43245658E+01	-5.42806926E+01	
-1.24000000E+02	-5.64849399E+01	-5.54926060E+01	-5.61500683E+01	-5.57803677E+01	-5.54415865E+01	-5.54337608E+01	
-1.23000000E+02	-5.77316847E+01	-5.70739971E+01	-5.74605389E+01	-5.71406733E+01	-5.68934004E+01	-5.69403014E+01	
-1.22000000E+02	-5.93150131E+01	-5.92074081E+01	-5.91423463E+01	-5.89234416E+01	-5.88277546E+01	-5.89599303E+01	
-1.21000000E+02	-6.13379363E+01	-6.22102263E+01	-6.13008436E+01	-6.13088932E+01	-6.15028926E+01	-6.17712901E+01	
-1.20000000E+02	-6.38468153E+01	-6.64392829E+01	-6.38930798E+01	-6.44724045E+01	-6.53003991E+01	-6.57720686E+01	
-1.19000000E+02	-6.62673090E+01	-6.87700620E+01	-6.58277099E+01	-6.74511672E+01	-6.91230784E+01	-6.90310083E+01	
-1.18000000E+02	-6.63022751E+01	-6.43950392E+01	-6.47221371E+01	-6.60487636E+01	-6.63271147E+01	-6.53848201E+01	
-1.17000000E+02	-6.36916138E+01	-6.02280253E+01	-6.17896934E+01	-6.22782369E+01	-6.18294909E+01	-6.10311706E+01	
-1.16000000E+02	-6.08260475E+01	-5.72107537E+01	-5.90264832E+01	-5.91155279E+01	-5.85181760E+01	-5.78635844E+01	
-1.15000000E+02	-5.84372988E+01	-5.49331238E+01	-5.67651611E+01	-5.66721336E+01	-5.60545455E+01	-5.54892468E+01	
-1.14000000E+02	-5.65040408E+01	-5.31368598E+01	-5.49289320E+01	-5.47421024E+01	-5.41362127E+01	-5.36291965E+01	
-1.13000000E+02	-5.49236781E+01	-5.16773293E+01	-5.34176666E+01	-5.31777423E+01	-5.25897002E+01	-5.21253472E+01	
-1.12000000E+02	-5.36122753E+01	-5.04662378E+01	-5.21550084E+01	-5.18831392E+01	-5.13166961E+01	-5.08827655E+01	
-1.11000000E+02	-5.25096375E+01	-4.94475665E+01	-5.10884613E+01	-5.07953768E+01	-5.02500239E+01	-4.98403098E+01	
-1.10000000E+02	-5.15722217E+01	-4.85810800E+01	-5.01788867E+01	-4.98708767E+01	-4.93457677E+01	-4.89554015E+01	
-1.09000000E+02	-5.07675870E+01	-4.78372097E+01	-4.93961872E+01	-4.90779128E+01	-4.85723754E+01	-4.81982012E+01	
-1.08000000E+02	-5.00710435E+01	-4.71950165E+01	-4.87185541E+01	-4.83927584E+01	-4.79050685E+01	-4.75457301E+01	
-1.07000000E+02	-4.94642334E+01	-4.66386074E+01	-4.81306538E+01	-4.77981302E+01	-4.73272821E+01	-4.69808040E+01	
-1.06000000E+02	-4.89338034E+01	-4.61565574E+01	-4.76185746E+01	-4.72812319E+01	-4.68261616E+01	-4.64916175E+01	
-1.05000000E+02	-4.84708054E+01	-4.57412593E+01	-4.71754200E+01	-4.68336752E+01	-4.63927504E+01	-4.60696697E+01	
-1.04000000E+02	-4.80706338E+01	-4.53887415E+01	-4.67968719E+01	-4.64513283E+01	-4.60233631E+01	-4.57114227E+01	
-1.03000000E+02	-4.77324586E+01	-4.50989977E+01	-4.64817302E+01	-4.61325083E+01	-4.57166968E+01	-4.54150976E+01	
-1.02000000E+02	-4.74589772E+01	-4.48744219E+01	-4.62320534E+01	-4.58796950E+01	-4.54745118E+01	-4.51835002E+01	
-1.01000000E+02	-4.72558708E+01	-4.47195967E+01	-4.60527150E+01	-4.56976691E+01	-4.53024885E+01	-4.50210769E+01	
-1.00000000E+02	-4.71313501E+01	-4.46424677E+01	-4.59515194E+01	-4.55934540E+01	-4.52073732E+01	-4.49353939E+01	
-9.90000000E+01	-4.70958940E+01	-4.46523275E+01	-4.59373377E+01	-4.55765962E+01	-4.51985417E+01	-4.49356446E+01	
-9.80000000E+01	-4.71621444E+01	-4.47610678E+01	-4.60218775E+01	-4.56584705E+01	-4.52877676E+01	-4.50337028E+01	
-9.70000000E+01	-4.73448121E+01	-4.49819339E+01	-4.62191499E+01	-4.58525727E+01	-4.54892249E+01	-4.52429077E+01	
-9.60000000E+01	-4.76619010E+01	-4.53320022E+01	-4.65454796E+01	-4.61753855E+01	-4.58188909E+01	-4.55802594E+01	
-9.50000000E+01	-4.81354180E+01	-4.58323488E+01	-4.70217602E+01	-4.66473879E+01	-4.62975723E+01	-4.60666077E+01	
-9.40000000E+01	-4.87937598E+01	-4.65101978E+01	-4.76746472E+01	-4.72947832E+01	-4.69521190E+01	-4.67279290E+01	
-9.30000000E+01	-4.96754426E+01	-4.74028588E+01	-4.85401138E+01	-4.81532916E+01	-4.78182959E+01	-4.76015629E+01	
-9.20000000E+01	-5.08361506E+01	-4.85640316E+01	-4.96701084E+01	-4.92738205E+01	-4.89484405E+01	-4.87400912E+01	
-9.10000000E+01	-5.23607449E+01	-5.00796760E+01	-5.11436996E+01	-5.07356240E+01	-5.04233057E+01	-5.02246640E+01	
-9.00000000E+01	-5.43893888E+01	-5.20936890E+01	-5.30941715E+01	-5.26692478E+01	-5.23781538E+01	-5.21936697E+01	
-8.90000000E+01	-5.71650642E+01	-5.48888188E+01	-5.57630926E+01	-5.53149448E+01	-5.50671739E+01	-5.49102449E+01	
-8.80000000E+01	-6.10499592E+01	-5.91096514E+01	-5.96253219E+01	-5.91600525E+01	-5.90358638E+01	-5.89508664E+01	
-8.70000000E+01	-6.50410842E+01	-6.61023697E+01	-6.50312004E+01	-6.47693724E+01	-6.51749551E+01	-6.54045487E+01	
-8.60000000E+01	-6.28405256E+01	-6.48904427E+01	-6.45971869E+01	-6.48212014E+01	-6.50937344E+01	-6.51740137E+01	
-8.50000000E+01	-5.86874119E+01	-5.85561661E+01	-5.94468610E+01	-5.94020651E+01	-5.91805610E+01	-5.90000546E+01	
-8.40000000E+01	-5.56897727E+01	-5.48161040E+01	-5.59242133E+01	-5.57541182E+01	-5.54385810E+01	-5.52172178E+01	
-8.30000000E+01	-5.35717403E+01	-5.23567980E+01	-5.35373164E+01	-5.33049275E+01	-5.29587221E+01	-5.27252103E+01	
-8.20000000E+01	-5.20405514E+01	-5.06212848E+01	-5.18440541E+01	-5.15721338E+01	-5.12096149E+01	-5.09697171E+01	
-8.10000000E+01	-5.09280454E+01	-4.93610274E+01	-5.06185349E+01	-5.03180366E+01	-4.99433650E+01	-4.96975197E+01	
-8.00000000E+01	-5.01354420E+01	-4.84441590E+01	-4.97395307E+01	-4.94139112E+01	-4.90274264E+01	-4.87748010E+01	
-7.90000000E+01	-4.96009349E+01	-4.77938098E+01	-4.91321212E+01	-4.87834666E+01	-4.83837509E+01	-4.81237767E+01	
-7.80000000E+01	-4.92826183E+01	-4.73604058E+01	-4.87482702E+01	-4.83773532E+01	-4.79624162E+01	-4.76932032E+01	
-7.70000000E+01	-4.91503010E+01	-4.71083420E+01	-4.85549592E+01	-4.81613558E+01	-4.77286950E+01	-4.74488387E+01	
-7.60000000E+01	-4.91800025E+01	-4.70135028E+01	-4.85272376E+01	-4.81105137E+01	-4.76574500E+01	-4.73654481E+01	
-7.50000000E+01	-4.93505452E+01	-4.70556113E+01	-4.86447661E+01	-4.82052458E+01	-4.77282614E+01	-4.74231115E+01	
-7.40000000E+01	-4.96409246E+01	-4.72188504E+01	-4.88905174E+01	-4.84289466E+01	-4.79261278E+01	-4.76055932E+01	
-7.30000000E+01	-5.00283038E+01	-4.74898351E+01	-4.92482146E+01	-4.87675972E+01	-4.82355249E+01	-4.78995873E+01	
-7.20000000E+01	-5.04863969E+01	-4.78583787E+01	-4.97023206E+01	-4.92081725E+01	-4.86459234E+01	-4.82944429E+01	
-7.10000000E+01	-5.09853159E+01	-4.83173352E+01	-5.02374953E+01	-4.97394673E+01	-4.91474820E+01	-4.87815036E+01	
-7.00000000E+01	-5.14927200E+01	-4.88626813E+01	-5.08389813E+01	-5.03526738E+01	-4.97329190E+01	-4.93556607E+01	
-6.90000000E+01	-5.19770969E+01	-4.94959133E+01	-5.14949539E+01	-5.10414617E+01	-5.04014067E+01	-5.00170301E+01	
-6.80000000E+01	-5.24133875E+01	-5.02249593E+01	-5.21935234E+01	-5.18029131E+01	-5.11548169E+01	-5.07708035E+01	
-6.70000000E+01	-5.27866594E+01	-5.10637957E+01	-5.29276852E+01	-5.26393342E+01	-5.20025854E+01	-5.16287467E+01	
-6.60000000E+01	-5.30927179E+01	-5.20326686E+01	-5.36858270E+01	-5.35514693E+01	-5.29564043E+01	-5.26064729E+01	
-6.50000000E+01	-5.33337140E+01	-5.31500227E+01	-5.44470721E+01	-5.45292325E+01	-5.40248289E+01	-5.37172963E+01	
-6.40000000E+01	-5.35090368E+01	-5.44182985E+01	-5.51606892E+01	-5.55261608E+01	-5.51865839E+01	-5.49508787E+01	
-6.30000000E+01	-5.36075143E+01	-5.57606489E+01	-5.57244953E+01	-5.64123704E+01	-5.63395698E+01	-5.62082764E+01	
-6.20000000E+01	-5.36031957E+01	-5.68989894E+01	-5.59814326E+01	-5.69313631E+01	-5.72023436E+01	-5.71933401E+01	
-6.10000000E+01	-5.34595873E+01	-5.72712228E+01	-5.57778744E+01	-5.67900810E+01	-5.73296720E+01	-5.73882561E+01	
-6.00000000E+01	-5.31439420E+01	-5.64809402E+01	-5.50811273E+01	-5.59255844E+01	-5.65015665E+01	-5.65184985E+01	
-5.90000000E+01	-5.26458039E+01	-5.48769099E+01	-5.40181196E+01	-5.45878553E+01	-5.50249563E+01	-5.49456687E+01	
-5.80000000E+01	-5.19864159E+01	-5.30506116E+01	-5.27765973E+01	-5.30887827E+01	-5.33463698E+01	-5.31827370E+01	
-5.70000000E+01	-5.12125215E+01	-5.13150750E+01	-5.15065624E+01	-5.16214161E+01	-5.17269097E+01	-5.15059106E+01	
-5.60000000E+01	-5.03805812E+01	-4.97700499E+01	-5.02951936E+01	-5.02706557E+01	-5.02610894E+01	-5.00036022E+01	
-5.50000000E+01	-4.95411842E+01	-4.84246580E+01	-4.91842008E+01	-4.90640145E+01	-4.89696056E+01	-4.86889920E+01	
-5.40000000E+01	-4.87326239E+01	-4.72645294E+01	-4.81895356E+01	-4.80034718E+01	-4.78464806E+01	-4.75509282E+01	
-5.30000000E+01	-4.79804855E+01	-4.62702193E+01	-4.73133056E+01	-4.70817480E+01	-4.68776766E+01	-4.65724265E+01	
-5.20000000E+01	-4.73000395E+01	-4.54234485E+01	-4.65531732E+01	-4.62895216E+01	-4.60492787E+01	-4.57371734E+01	
-5.10000000E+01	-4.66993581E+01	-4.47080236E+01	-4.59038128E+01	-4.56168516E+01	-4.53476955E+01	-4.50307586E+01	
-5.00000000E+01	-4.61818732E+01	-4.41114915E+01	-4.53590137E+01	-4.50550044E+01	-4.47622482E+01	-4.44415242E+01	
-4.90000000E+01	-4.57480532E+01	-4.36230542E+01	-4.49128791E+01	-4.45958686E+01	-4.42833627E+01	-4.39592969E+01	
-4.80000000E+01	-4.53968534E+01	-4.32341329E+01	-4.45596937E+01	-4.42329973E+01	-4.39030767E+01	-4.35760582E+01	
-4.70000000E+01	-4.51263242E+01	-4.29376534E+01	-4.42952218E+01	-4.39601464E+01	-4.36147300E+01	-4.32844645E+01	
-4.60000000E+01	-4.49339205E+01	-4.27275936E+01	-4.41144085E+01	-4.37727674E+01	-4.34132278E+01	-4.30794427E+01	
-4.50000000E+01	-4.48172574E+01	-4.25992042E+01	-4.40138126E+01	-4.36667570E+01	-4.32931319E+01	-4.29562401E+01	
-4.40000000E+01	-4.47736670E+01	-4.25483607E+01	-4.39902532E+01	-4.36386394E+01	-4.32515774E+01	-4.29107369E+01	
-4.30000000E+01	-4.48009124E+01	-4.25721067E+01	-4.40415979E+01	-4.36855135E+01	-4.32852839E+01	-4.29400035E+01	
-4.20000000E+01	-4.48969267E+01	-4.26676440E+01	-4.41650935E+01	-4.38055991E+01	-4.33917193E+01	-4.30417101E+01	
-4.10000000E+01	-4.50598321E+01	-4.28331205E+01	-4.43595807E+01	-4.39972699E+01	-4.35694779E+01	-4.32141687E+01	
-4.00000000E+01	-4.52880978E+01	-4.30673059E+01	-4.46242175E+01	-4.42597481E+01	-4.38174123E+01	-4.34561884E+01	
-3.90000000E+01	-4.55805143E+01	-4.33699885E+01	-4.49584553E+01	-4.45925146E+01	-4.41349001E+01	-4.37673016E+01	
-3.80000000E+01	-4.59361883E+01	-4.37412889E+01	-4.53622625E+01	-4.49965111E+01	-4.45232752E+01	-4.41479023E+01	
-3.70000000E+01	-4.63544744E+01	-4.41818618E+01	-4.58372876E+01	-4.54730540E+01	-4.49824310E+01	-4.45992958E+01	
-3.60000000E+01	-4.68352761E+01	-4.46938069E+01	-4.63850280E+01	-4.60243816E+01	-4.55158502E+01	-4.51232401E+01	
-3.50000000E+01	-4.73785807E+01	-4.52804469E+01	-4.70081349E+01	-4.66544619E+01	-4.61265317E+01	-4.57237361E+01	
-3.40000000E+01	-4.79849544E+01	-4.59458073E+01	-4.77102087E+01	-4.73679881E+01	-4.68194502E+01	-4.64046947E+01	
-3.30000000E+01	-4.86550141E+01	-4.66966008E+01	-4.84972961E+01	-4.81723751E+01	-4.76017365E+01	-4.71736079E+01	
-3.20000000E+01	-4.93893758E+01	-4.75412225E+01	-4.93755166E+01	-4.90772677E+01	-4.84842116E+01	-4.80401747E+01	
-3.10000000E+01	-5.01888067E+01	-4.84924870E+01	-5.03544036E+01	-5.00959899E+01	-4.94795059E+01	-4.90168391E+01	
-3.00000000E+01	-5.10528436E+01	-4.95669720E+01	-5.14445614E+01	-5.12466957E+01	-5.06077610E+01	-5.01235238E+01	
-2.90000000E+01	-5.19795103E+01	-5.07904826E+01	-5.26584119E+01	-5.25543515E+01	-5.18973840E+01	-5.13861408E+01	
-2.80000000E+01	-5.29628545E+01	-5.21981602E+01	-5.40098253E+01	-5.40528947E+01	-5.33886555E+01	-5.28448851E+01	
-2.70000000E+01	-5.39897695E+01	-5.38458494E+01	-5.55030587E+01	-5.57879212E+01	-5.51486177E+01	-5.45630213E+01	
-2.60000000E+01	-5.50347206E+01	-5.58250548E+01	-5.71226211E+01	-5.78129909E+01	-5.72815659E+01	-5.66447257E+01	
-2.50000000E+01	-5.60521770E+01	-5.82959413E+01	-5.87807562E+01	-6.01563940E+01	-5.99709751E+01	-5.92775192E+01	
-2.40000000E+01	-5.69703266E+01	-6.15707826E+01	-6.02352692E+01	-6.26417651E+01	-6.35462471E+01	-6.28461989E+01	
-2.30000000E+01	-5.76934225E+01	-6.63143245E+01	-6.10554302E+01	-6.43488463E+01	-6.82497602E+01	-6.81768052E+01	
-2.20000000E+01	-5.81269611E+01	-7.21716092E+01	-6.09148838E+01	-6.39080794E+01	-6.99502807E+01	-7.30357321E+01	
-2.10000000E+01	-5.82213531E+01	-6.83852665E+01	-6.00033758E+01	-6.19750469E+01	-6.57243083E+01	-6.74208044E+01	
-2.00000000E+01	-5.80022591E+01	-6.34246142E+01	-5.87682434E+01	-5.98951739E+01	-6.20715957E+01	-6.28742453E+01	
-1.90000000E+01	-5.75531690E+01	-6.01867696E+01	-5.75130384E+01	-5.80943373E+01	-5.94568398E+01	-5.98930902E+01	
-1.80000000E+01	-5.69705653E+01	-5.78891462E+01	-5.63566733E+01	-5.65941523E+01	-5.74970192E+01	-5.77447897E+01	
-1.70000000E+01	-5.63316733E+01	-5.61414655E+01	-5.53294111E+01	-5.53427416E+01	-5.59569036E+01	-5.60927227E+01	
-1.60000000E+01	-5.56867247E+01	-5.47490289E+01	-5.44250818E+01	-5.42858129E+01	-5.47055969E+01	-5.47674267E+01	
-1.50000000E+01	-5.50636685E+01	-5.36037309E+01	-5.36310866E+01	-5.33826263E+01	-5.36616761E+01	-5.36717104E+01	
-1.40000000E+01	-5.44760791E+01	-5.26391859E+01	-5.29312311E+01	-5.26012217E+01	-5.27737173E+01	-5.27458815E+01	
-1.30000000E+01	-5.39288058E+01	-5.18125389E+01	-5.23107237E+01	-5.19179156E+01	-5.20069485E+01	-5.19500424E+01	
-1.20000000E+01	-5.34223561E+01	-5.10930237E+01	-5.17575077E+01	-5.13148908E+01	-5.13359199E+01	-5.12559183E+01	
-1.10000000E+01	-5.29547499E+01	-5.04593430E+01	-5.12616847E+01	-5.07780806E+01	-5.07423185E+01	-5.06436505E+01	
-1.00000000E+01	-5.25228015E+01	-4.98948489E+01	-5.08141430E+01	-5.02963549E+01	-5.02118774E+01	-5.00979385E+01	
-9.00000000E+00	-5.21233552E+01	-4.93875653E+01	-5.04079936E+01	-4.98607839E+01	-4.97336242E+01	-4.96068589E+01	
-8.00000000E+00	-5.17529237E+01	-4.89274195E+01	-5.00371274E+01	-4.94642614E+01	-4.92991902E+01	-4.91611969E+01	
-7.00000000E+00	-5.14083416E+01	-4.85064879E+01	-4.96962963E+01	-4.91006110E+01	-4.89009971E+01	-4.87533944E+01	
-6.00000000E+00	-5.10866539E+01	-4.81184641E+01	-4.93815099E+01	-4.87648558E+01	-4.85334873E+01	-4.83773461E+01	
-5.00000000E+00	-5.07851610E+01	-4.77581484E+01	-4.90886263E+01	-4.84528410E+01	-4.81917536E+01	-4.80279734E+01	
-4.00000000E+00	-5.05015029E+01	-4.74209081E+01	-4.88148166E+01	-4.81610388E+01	-4.78718446E+01	-4.77009438E+01	
-3.00000000E+00	-5.02335939E+01	-4.71031591E+01	-4.85570173E+01	-4.78862454E+01	-4.75703880E+01	-4.73927913E+01	
-2.00000000E+00	-4.99795517E+01	-4.68017021E+01	-4.83130189E+01	-4.76260245E+01	-4.72842887E+01	-4.71004442E+01	
-1.00000000E+00	-4.97377879E+01	-4.65140537E+01	-4.80808228E+01	-4.73780663E+01	-4.70112823E+01	-4.68213717E+01	
0.00000000E+00	-4.95069419E+01	-4.62378822E+01	-4.78586432E+01	-4.71404658E+01	-4.67492095E+01	-4.65534544E+01	
1.00000000E+00	-4.92857469E+01	-4.59714447E+01	-4.76450084E+01	-4.69116704E+01	-4.64964068E+01	-4.62948180E+01	
2.00000000E+00	-4.90732128E+01	-4.57131357E+01	-4.74386474E+01	-4.66902961E+01	-4.62514921E+01	-4.60440868E+01	
3.00000000E+00	-4.88685412E+01	-4.54618059E+01	-4.72385427E+01	-4.64753049E+01	-4.60133576E+01	-4.58000490E+01	
4.00000000E+00	-4.86710515E+01	-4.52164528E+01	-4.70438549E+01	-4.62658084E+01	-4.57809137E+01	-4.55617144E+01	
5.00000000E+00	-4.84802556E+01	-4.49763879E+01	-4.68539564E+01	-4.60611129E+01	-4.55535639E+01	-4.53284948E+01	
6.00000000E+00	-4.82957034E+01	-4.47410540E+01	-4.66683979E+01	-4.58606697E+01	-4.53308306E+01	-4.50996670E+01	
7.00000000E+00	-4.81172103E+01	-4.45100658E+01	-4.64867197E+01	-4.56642108E+01	-4.51123491E+01	-4.48749994E+01	
8.00000000E+00	-4.79446358E+01	-4.42832637E+01	-4.63087945E+01	-4.54714612E+01	-4.48979971E+01	-4.46544281E+01	
9.00000000E+00	-4.77779097E+01	-4.40606953E+01	-4.61345895E+01	-4.52823698E+01	-4.46876169E+01	-4.44377853E+01	
1.00000000E+01	-4.76171334E+01	-4.38424749E+01	-4.59640431E+01	-4.50970039E+01	-4.44814948E+01	-4.42252305E+01	
1.10000000E+01	-4.74623655E+01	-4.36287291E+01	-4.57972317E+01	-4.49155535E+01	-4.42795738E+01	-4.40169134E+01	
1.20000000E+01	-4.73138402E+01	-4.34197474E+01	-4.56344350E+01	-4.47380325E+01	-4.40823247E+01	-4.38131692E+01	
1.30000000E+01	-4.71717028E+01	-4.32159923E+01	-4.54757608E+01	-4.45648794E+01	-4.38899271E+01	-4.36143261E+01	
1.40000000E+01	-4.70361618E+01	-4.30177920E+01	-4.53215624E+01	-4.43962573E+01	-4.37027801E+01	-4.34207800E+01	
1.50000000E+01	-4.69073917E+01	-4.28256839E+01	-4.51720736E+01	-4.42326193E+01	-4.35214684E+01	-4.32330753E+01	
1.60000000E+01	-4.67854624E+01	-4.26401432E+01	-4.50273656E+01	-4.40741988E+01	-4.33460775E+01	-4.30515474E+01	
1.70000000E+01	-4.66704698E+01	-4.24616508E+01	-4.48877783E+01	-4.39212434E+01	-4.31771991E+01	-4.28766517E+01	
1.80000000E+01	-4.65623217E+01	-4.22906623E+01	-4.47534131E+01	-4.37741488E+01	-4.30151238E+01	-4.27087577E+01	
1.90000000E+01	-4.64607751E+01	-4.21275979E+01	-4.46244312E+01	-4.36329536E+01	-4.28603515E+01	-4.25484174E+01	
2.00000000E+01	-4.63654688E+01	-4.19729458E+01	-4.45006932E+01	-4.34979241E+01	-4.27129689E+01	-4.23959393E+01	
2.10000000E+01	-4.62758436E+01	-4.18272098E+01	-4.43821040E+01	-4.33691524E+01	-4.25732476E+01	-4.22516965E+01	
2.20000000E+01	-4.61910302E+01	-4.16905362E+01	-4.42685031E+01	-4.32466331E+01	-4.24414909E+01	-4.21159211E+01	
2.30000000E+01	-4.61100304E+01	-4.15634642E+01	-4.41595255E+01	-4.31302148E+01	-4.23176865E+01	-4.19889435E+01	
2.40000000E+01	-4.60316844E+01	-4.14461335E+01	-4.40550532E+01	-4.30198556E+01	-4.22020765E+01	-4.18707068E+01	
2.50000000E+01	-4.59545942E+01	-4.13387847E+01	-4.39542677E+01	-4.29154990E+01	-4.20944464E+01	-4.17615321E+01	
2.60000000E+01	-4.58772249E+01	-4.12417092E+01	-4.38568750E+01	-4.28167513E+01	-4.19950133E+01	-4.16616486E+01	
2.70000000E+01	-4.57982018E+01	-4.11551866E+01	-4.37626367E+01	-4.27236764E+01	-4.19037120E+01	-4.15711113E+01	
2.80000000E+01	-4.57160078E+01	-4.10793152E+01	-4.36709665E+01	-4.26360975E+01	-4.18206230E+01	-4.14899817E+01	
2.90000000E+01	-4.56295164E+01	-4.10144378E+01	-4.35820701E+01	-4.25541077E+01	-4.17459288E+01	-4.14186146E+01	
3.00000000E+01	-4.55381076E+01	-4.09612162E+01	-4.34956671E+01	-4.24776468E+01	-4.16797059E+01	-4.13573608E+01	
3.10000000E+01	-4.54414881E+01	-4.09197570E+01	-4.34123560E+01	-4.24076661E+01	-4.16228131E+01	-4.13068143E+01	
3.20000000E+01	-4.53403615E+01	-4.08910323E+01	-4.33329771E+01	-4.23446397E+01	-4.15756957E+01	-4.12675208E+01	
3.30000000E+01	-4.52360584E+01	-4.08758102E+01	-4.32588764E+01	-4.22898691E+01	-4.15392199E+01	-4.12404015E+01	
3.40000000E+01	-4.51308772E+01	-4.08753972E+01	-4.31919120E+01	-4.22448965E+01	-4.15148316E+01	-4.12269823E+01	
3.50000000E+01	-4.50279834E+01	-4.08912182E+01	-4.31346336E+01	-4.22115575E+01	-4.15044073E+01	-4.12287064E+01	
3.60000000E+01	-4.49315114E+01	-4.09253270E+01	-4.30897010E+01	-4.21925805E+01	-4.15097920E+01	-4.12475805E+01	
3.70000000E+01	-4.48460212E+01	-4.09796334E+01	-4.30606591E+01	-4.21909427E+01	-4.15337519E+01	-4.12859848E+01	
3.80000000E+01	-4.47768536E+01	-4.10568332E+01	-4.30513710E+01	-4.22097376E+01	-4.15791936E+01	-4.13468134E+01	
3.90000000E+01	-4.47297923E+01	-4.11601864E+01	-4.30662443E+01	-4.22531977E+01	-4.16494183E+01	-4.14332487E+01	
4.00000000E+01	-4.47108031E+01	-4.12929161E+01	-4.31099196E+01	-4.23251110E+01	-4.17484983E+01	-4.15487315E+01	
4.10000000E+01	-4.47259751E+01	-4.14586114E+01	-4.31873422E+01	-4.24299495E+01	-4.18800735E+01	-4.16971709E+01	
4.20000000E+01	-4.47814327E+01	-4.16614202E+01	-4.33031992E+01	-4.25724220E+01	-4.20482857E+01	-4.18828769E+01	
4.30000000E+01	-4.48828993E+01	-4.19056784E+01	-4.34624004E+01	-4.27567223E+01	-4.22578361E+01	-4.21096973E+01	
4.40000000E+01	-4.50358333E+01	-4.21948725E+01	-4.36696855E+01	-4.29873860E+01	-4.25126288E+01	-4.23818547E+01	
4.50000000E+01	-4.52447299E+01	-4.25327801E+01	-4.39287911E+01	-4.32681194E+01	-4.28161753E+01	-4.27029814E+01	
4.60000000E+01	-4.55125741E+01	-4.29221854E+01	-4.42421876E+01	-4.36010785E+01	-4.31710649E+01	-4.30753991E+01	
4.70000000E+01	-4.58403486E+01	-4.33629164E+01	-4.46101306E+01	-4.39870200E+01	-4.35774539E+01	-4.34996679E+01	
4.80000000E+01	-4.62251692E+01	-4.38529464E+01	-4.50293247E+01	-4.44225429E+01	-4.40327838E+01	-4.39729131E+01	
4.90000000E+01	-4.66578947E+01	-4.43834904E+01	-4.54906667E+01	-4.48992360E+01	-4.45281527E+01	-4.44863201E+01	
5.00000000E+01	-4.71204347E+01	-4.49364730E+01	-4.59759426E+01	-4.53994902E+01	-4.50470525E+01	-4.50226277E+01	
5.10000000E+01	-4.75818235E+01	-4.54821145E+01	-4.64544351E+01	-4.58943502E+01	-4.55599683E+01	-4.55522643E+01	
5.20000000E+01	-4.79956908E+01	-4.59736543E+01	-4.68813846E+01	-4.63403872E+01	-4.60239044E+01	-4.60297738E+01	
5.30000000E+01	-4.83027875E+01	-4.63509584E+01	-4.71996277E+01	-4.66817638E+01	-4.63825459E+01	-4.63969487E+01	
5.40000000E+01	-4.84438802E+01	-4.65517555E+01	-4.73529482E+01	-4.68620960E+01	-4.65779223E+01	-4.65940976E+01	
5.50000000E+01	-4.83805129E+01	-4.65339082E+01	-4.73048350E+01	-4.68427807E+01	-4.65707454E+01	-4.65807665E+01	
5.60000000E+01	-4.81140658E+01	-4.62969041E+01	-4.70560940E+01	-4.66211664E+01	-4.63568354E+01	-4.63538890E+01	
5.70000000E+01	-4.76853533E+01	-4.58801518E+01	-4.66454364E+01	-4.62325292E+01	-4.59712500E+01	-4.59521700E+01	
5.80000000E+01	-4.71558679E+01	-4.53476737E+01	-4.61316909E+01	-4.57340310E+01	-4.54716763E+01	-4.54356914E+01	
5.90000000E+01	-4.65868070E+01	-4.47627398E+01	-4.55733045E+01	-4.51842503E+01	-4.49179536E+01	-4.48664949E+01	
6.00000000E+01	-4.60258208E+01	-4.41749962E+01	-4.50172150E+01	-4.46309216E+01	-4.43584983E+01	-4.42931816E+01	
6.10000000E+01	-4.55044845E+01	-4.36177941E+01	-4.44948484E+01	-4.41066299E+01	-4.38264112E+01	-4.37489524E+01	
6.20000000E+01	-4.50404498E+01	-4.31101246E+01	-4.40243003E+01	-4.36304334E+01	-4.33413422E+01	-4.32532420E+01	
6.30000000E+01	-4.46406853E+01	-4.26608186E+01	-4.36134776E+01	-4.32114073E+01	-4.29126129E+01	-4.28147589E+01	
6.40000000E+01	-4.43044142E+01	-4.22713862E+01	-4.32630913E+01	-4.28511235E+01	-4.25419596E+01	-4.24352917E+01	
6.50000000E+01	-4.40249921E+01	-4.19382645E+01	-4.29682935E+01	-4.25455733E+01	-4.22260745E+01	-4.21109715E+01	
6.60000000E+01	-4.37911501E+01	-4.16544228E+01	-4.27206779E+01	-4.22872072E+01	-4.19578631E+01	-4.18350470E+01	
6.70000000E+01	-4.35883835E+01	-4.14112050E+01	-4.25087308E+01	-4.20656227E+01	-4.17277666E+01	-4.15980326E+01	
6.80000000E+01	-4.34002652E+01	-4.11982296E+01	-4.23193761E+01	-4.18692478E+01	-4.15246870E+01	-4.13896339E+01	
6.90000000E+01	-4.32107759E+01	-4.10054349E+01	-4.21396164E+01	-4.16862601E+01	-4.13381572E+01	-4.11991398E+01	
7.00000000E+01	-4.30062929E+01	-4.08242597E+01	-4.19582910E+01	-4.15064475E+01	-4.11584868E+01	-4.10175173E+01	
7.10000000E+01	-4.27790142E+01	-4.06483312E+01	-4.17679777E+01	-4.13228860E+01	-4.09792623E+01	-4.08385927E+01	
7.20000000E+01	-4.25282046E+01	-4.04750818E+01	-4.15664229E+01	-4.11333155E+01	-4.07981901E+01	-4.06600461E+01	
7.30000000E+01	-4.22606196E+01	-4.03064010E+01	-4.13572096E+01	-4.09404938E+01	-4.06171544E+01	-4.04838342E+01	
7.40000000E+01	-4.19895715E+01	-4.01480175E+01	-4.11493601E+01	-4.07522236E+01	-4.04436157E+01	-4.03166956E+01	
7.50000000E+01	-4.17324168E+01	-4.00094054E+01	-4.09562014E+01	-4.05803246E+01	-4.02879929E+01	-4.01686389E+01	
7.60000000E+01	-4.15084446E+01	-3.99027631E+01	-4.07933194E+01	-4.04389741E+01	-4.01635406E+01	-4.00524114E+01	
7.70000000E+01	-4.13366342E+01	-3.98416216E+01	-4.06774152E+01	-4.03437990E+01	-4.00848471E+01	-3.99822023E+01	
7.80000000E+01	-4.12351990E+01	-3.98402657E+01	-4.06252004E+01	-4.03105881E+01	-4.00671356E+01	-3.99728750E+01	
7.90000000E+01	-4.12207782E+01	-3.99134909E+01	-4.06526162E+01	-4.03549257E+01	-4.01256786E+01	-4.00392658E+01	
8.00000000E+01	-4.13091832E+01	-4.00762552E+01	-4.07757429E+01	-4.04923178E+01	-4.02755529E+01	-4.01965565E+01	
8.10000000E+01	-4.15160917E+01	-4.03441727E+01	-4.10101702E+01	-4.07386732E+01	-4.05326455E+01	-4.04605263E+01	
8.20000000E+01	-4.18580862E+01	-4.07341902E+01	-4.13731228E+01	-4.11109102E+01	-4.09140755E+01	-4.08479926E+01	
8.30000000E+01	-4.23540768E+01	-4.12658108E+01	-4.18840049E+01	-4.16284700E+01	-4.14390881E+01	-4.13787533E+01	
8.40000000E+01	-4.30275515E+01	-4.19632169E+01	-4.25668278E+01	-4.23154254E+01	-4.21319618E+01	-4.20769739E+01	
8.50000000E+01	-4.39091905E+01	-4.28573157E+01	-4.34530544E+01	-4.32029630E+01	-4.30238194E+01	-4.29739668E+01	
8.60000000E+01	-4.50417482E+01	-4.39919395E+01	-4.45868157E+01	-4.43351757E+01	-4.41586962E+01	-4.41140881E+01	
8.70000000E+01	-4.64875115E+01	-4.54312422E+01	-4.60349642E+01	-4.57776687E+01	-4.56018756E+01	-4.55634600E+01	
8.80000000E+01	-4.83417464E+01	-4.72783828E+01	-4.79048260E+01	-4.76369110E+01	-4.74584818E+01	-4.74275153E+01	
8.90000000E+01	-5.07501256E+01	-4.97102912E+01	-5.03860245E+01	-5.01006630E+01	-4.99122374E+01	-4.98923057E+01	
9.00000000E+01	-5.38881786E+01	-5.30498920E+01	-5.38453026E+01	-5.35352876E+01	-5.33134216E+01	-5.33099439E+01	
9.10000000E+01	-5.74156829E+01	-5.77240468E+01	-5.88868074E+01	-5.85959852E+01	-5.82186723E+01	-5.82297111E+01	
9.20000000E+01	-5.81050206E+01	-6.06958942E+01	-6.21784651E+01	-6.23628228E+01	-6.15988067E+01	-6.14566724E+01	
9.30000000E+01	-5.51584236E+01	-5.65906834E+01	-5.73786529E+01	-5.74849474E+01	-5.70569844E+01	-5.68828128E+01	
9.40000000E+01	-5.22682441E+01	-5.27677730E+01	-5.34026267E+01	-5.33824870E+01	-5.30781222E+01	-5.29352303E+01	
9.50000000E+01	-5.01267418E+01	-5.01783726E+01	-5.07944913E+01	-5.07137232E+01	-5.04450270E+01	-5.03178224E+01	
9.60000000E+01	-4.85771245E+01	-4.83756937E+01	-4.90045317E+01	-4.88886249E+01	-4.86300093E+01	-4.85096163E+01	
9.70000000E+01	-4.74620067E+01	-4.70917661E+01	-4.77458949E+01	-4.76054038E+01	-4.73465819E+01	-4.72279611E+01	
9.80000000E+01	-4.66756443E+01	-4.61779103E+01	-4.68643618E+01	-4.67038805E+01	-4.64394279E+01	-4.63199629E+01	
9.90000000E+01	-4.61466210E+01	-4.55434963E+01	-4.62666321E+01	-4.60888958E+01	-4.58152102E+01	-4.56933277E+01	
1.00000000E+02	-4.58231444E+01	-4.51271125E+01	-4.58904707E+01	-4.56969479E+01	-4.54113495E+01	-4.52849072E+01	
1.01000000E+02	-4.56624552E+01	-4.48827575E+01	-4.56877176E+01	-4.54796370E+01	-4.51801910E+01	-4.50488183E+01	
1.02000000E+02	-4.56254689E+01	-4.47716068E+01	-4.56170025E+01	-4.53955951E+01	-4.50817936E+01	-4.49448665E+01	
1.03000000E+02	-4.56726744E+01	-4.47574076E+01	-4.56374995E+01	-4.54052683E+01	-4.50775353E+01	-4.49361395E+01	
1.04000000E+02	-4.57623041E+01	-4.48037824E+01	-4.57084345E+01	-4.54683174E+01	-4.51296954E+01	-4.49848010E+01	
1.05000000E+02	-4.58522403E+01	-4.48757735E+01	-4.57884926E+01	-4.55451350E+01	-4.52000897E+01	-4.50548076E+01	
1.06000000E+02	-4.59045134E+01	-4.49409677E+01	-4.58410227E+01	-4.55996788E+01	-4.52552210E+01	-4.51125835E+01	
1.07000000E+02	-4.58930770E+01	-4.49745332E+01	-4.58397704E+01	-4.56059213E+01	-4.52694232E+01	-4.51340073E+01	
1.08000000E+02	-4.58095147E+01	-4.49632855E+01	-4.57749645E+01	-4.55528450E+01	-4.52312052E+01	-4.51070137E+01	
1.09000000E+02	-4.56646832E+01	-4.49079551E+01	-4.56545989E+01	-4.54464200E+01	-4.51446954E+01	-4.50338175E+01	
1.10000000E+02	-4.54836865E+01	-4.48218303E+01	-4.55008552E+01	-4.53062022E+01	-4.50266681E+01	-4.49297289E+01	
1.11000000E+02	-4.52976277E+01	-4.47255455E+01	-4.53424214E+01	-4.51594551E+01	-4.49012141E+01	-4.48176502E+01	
1.12000000E+02	-4.51370589E+01	-4.46420663E+01	-4.52081493E+01	-4.50334903E+01	-4.47937181E+01	-4.47217520E+01	
1.13000000E+02	-4.50268286E+01	-4.45927282E+01	-4.51221894E+01	-4.49519485E+01	-4.47268474E+01	-4.46640085E+01	
1.14000000E+02	-4.49849520E+01	-4.45931036E+01	-4.51020289E+01	-4.49322266E+01	-4.47170177E+01	-4.46603390E+01	
1.15000000E+02	-4.50221303E+01	-4.46526406E+01	-4.51580518E+01	-4.49843187E+01	-4.47742948E+01	-4.47206586E+01	
1.16000000E+02	-4.51418296E+01	-4.47729731E+01	-4.52927896E+01	-4.51108855E+01	-4.49006739E+01	-4.48465630E+01	
1.17000000E+02	-4.53398678E+01	-4.49469001E+01	-4.55002617E+01	-4.53056780E+01	-4.50901018E+01	-4.50312276E+01	
1.18000000E+02	-4.56028694E+01	-4.51566574E+01	-4.57642448E+01	-4.55524282E+01	-4.53253975E+01	-4.52574890E+01	
1.19000000E+02	-4.59057644E+01	-4.53730902E+01	-4.60554876E+01	-4.58218091E+01	-4.55779912E+01	-4.54958976E+01	
1.20000000E+02	-4.62095698E+01	-4.55546694E+01	-4.63294307E+01	-4.60707023E+01	-4.58054910E+01	-4.57047038E+01	
1.21000000E+02	-4.64612054E+01	-4.56528976E+01	-4.65285284E+01	-4.62443658E+01	-4.59548546E+01	-4.58322922E+01	
1.22000000E+02	-4.65999726E+01	-4.56210782E+01	-4.65918940E+01	-4.62859488E+01	-4.59735859E+01	-4.58295044E+01	
1.23000000E+02	-4.65735761E+01	-4.54313757E+01	-4.64746935E+01	-4.61547162E+01	-4.58248739E+01	-4.56622649E+01	
1.24000000E+02	-4.63578833E+01	-4.50843265E+01	-4.61662624E+01	-4.58424867E+01	-4.55035812E+01	-4.53291935E+01	
1.25000000E+02	-4.59673751E+01	-4.46086610E+01	-4.56954354E+01	-4.53763561E+01	-4.50368875E+01	-4.48581952E+01	
1.26000000E+02	-4.54477510E+01	-4.40488623E+01	-4.51153919E+01	-4.48066876E+01	-4.44727680E+01	-4.42959854E+01	
1.27000000E+02	-4.48558274E+01	-4.34510756E+01	-4.44838278E+01	-4.41875223E+01	-4.38622349E+01	-4.36911214E+01	
1.28000000E+02	-4.42435441E+01	-4.28539597E+01	-4.38486287E+01	-4.35645480E+01	-4.32486373E+01	-4.30850593E+01	
1.29000000E+02	-4.36496829E+01	-4.22858210E+01	-4.32439541E+01	-4.29701964E+01	-4.26628825E+01	-4.25075894E+01	
1.30000000E+02	-4.30997447E+01	-4.17643986E+01	-4.26907824E+01	-4.24253030E+01	-4.21252648E+01	-4.19777077E+01	
1.31000000E+02	-4.26086497E+01	-4.13003688E+01	-4.22014070E+01	-4.19417346E+01	-4.16467126E+01	-4.15062126E+01	
1.32000000E+02	-4.21841925E+01	-4.08992385E+01	-4.17811772E+01	-4.15252063E+01	-4.12334954E+01	-4.10989412E+01	
1.33000000E+02	-4.18294187E+01	-4.05629884E+01	-4.14319439E+01	-4.11777341E+01	-4.08872721E+01	-4.07577895E+01	
1.34000000E+02	-4.15445850E+01	-4.02914650E+01	-4.11530320E+01	-4.08988214E+01	-4.06079928E+01	-4.04827234E+01	
1.35000000E+02	-4.13283357E+01	-4.00831964E+01	-4.09427334E+01	-4.06870314E+01	-4.03940243E+01	-4.02720560E+01	
1.36000000E+02	-4.11783215E+01	-3.99362025E+01	-4.07984164E+01	-4.05397845E+01	-4.02432055E+01	-4.01236483E+01	
1.37000000E+02	-4.10918282E+01	-3.98479303E+01	-4.07172006E+01	-4.04543297E+01	-4.01525052E+01	-4.00348539E+01	
1.38000000E+02	-4.10658738E+01	-3.98157769E+01	-4.06962750E+01	-4.04277817E+01	-4.01193940E+01	-4.00028868E+01	
1.39000000E+02	-4.10974427E+01	-3.98367503E+01	-4.07322982E+01	-4.04571512E+01	-4.01407562E+01	-4.00249454E+01	
1.40000000E+02	-4.11834135E+01	-3.99082486E+01	-4.08224360E+01	-4.05393907E+01	-4.02137713E+01	-4.00981527E+01	
1.41000000E+02	-4.13207247E+01	-4.00274651E+01	-4.09635590E+01	-4.06715418E+01	-4.03352250E+01	-4.02196601E+01	
1.42000000E+02	-4.15062057E+01	-4.01915717E+01	-4.11528645E+01	-4.08506963E+01	-4.05025189E+01	-4.03865237E+01	
1.43000000E+02	-4.17367334E+01	-4.03977428E+01	-4.13871021E+01	-4.10736224E+01	-4.07123227E+01	-4.05958193E+01	
1.44000000E+02	-4.20088739E+01	-4.06431042E+01	-4.16632411E+01	-4.13373511E+01	-4.09616592E+01	-4.08446730E+01	
1.45000000E+02	-4.23191047E+01	-4.09245887E+01	-4.19777449E+01	-4.16384873E+01	-4.12474989E+01	-4.11297059E+01	
1.46000000E+02	-4.26634946E+01	-4.12391225E+01	-4.23271027E+01	-4.19733455E+01	-4.15660827E+01	-4.14481931E+01	
1.47000000E+02	-4.30376754E+01	-4.15833564E+01	-4.27071062E+01	-4.23380933E+01	-4.19139234E+01	-4.17959861E+01	
1.48000000E+02	-4.34366885E+01	-4.19533181E+01	-4.31131650E+01	-4.27282646E+01	-4.22868331E+01	-4.21695943E+01	
1.49000000E+02	-4.38549091E+01	-4.23451055E+01	-4.35398818E+01	-4.31388815E+01	-4.26801781E+01	-4.25642758E+01	
1.50000000E+02	-4.42858551E+01	-4.27540659E+01	-4.39816207E+01	-4.35642571E+01	-4.30890367E+01	-4.29756240E+01	
1.51000000E+02	-4.47222444E+01	-4.31750221E+01	-4.44308225E+01	-4.39982710E+01	-4.35075532E+01	-4.33980015E+01	
1.52000000E+02	-4.51559042E+01	-4.36022967E+01	-4.48799683E+01	-4.44333760E+01	-4.39296050E+01	-4.38253328E+01	
1.53000000E+02	-4.55779491E+01	-4.40296902E+01	-4.53201239E+01	-4.48619804E+01	-4.43481123E+01	-4.42512221E+01	
1.54000000E+02	-4.59791808E+01	-4.44502798E+01	-4.57423965E+01	-4.52757934E+01	-4.47561503E+01	-4.46684839E+01	
1.55000000E+02	-4.63503771E+01	-4.48571830E+01	-4.61369089E+01	-4.56662964E+01	-4.51459504E+01	-4.50697610E+01	
1.56000000E+02	-4.66832548E+01	-4.52427609E+01	-4.64951842E+01	-4.60252955E+01	-4.55103569E+01	-4.54476863E+01	
1.57000000E+02	-4.69708724E+01	-4.56004126E+01	-4.68091190E+01	-4.63456304E+01	-4.58424222E+01	-4.57952849E+01	
1.58000000E+02	-4.72085252E+01	-4.59237737E+01	-4.70731189E+01	-4.66217301E+01	-4.61367205E+01	-4.61065857E+01	
1.59000000E+02	-4.73940895E+01	-4.62079646E+01	-4.72835121E+01	-4.68500328E+01	-4.63891587E+01	-4.63769349E+01	
1.60000000E+02	-4.75283705E+01	-4.64491404E+01	-4.74399743E+01	-4.70291283E+01	-4.65975053E+01	-4.66034963E+01	
1.61000000E+02	-4.76143897E+01	-4.66462924E+01	-4.75451600E+01	-4.71600710E+01	-4.67614302E+01	-4.67851494E+01	
1.62000000E+02	-4.76573188E+01	-4.67992360E+01	-4.76034614E+01	-4.72464467E+01	-4.68827483E+01	-4.69229477E+01	
1.63000000E+02	-4.76634151E+01	-4.69102951E+01	-4.76208114E+01	-4.72928847E+01	-4.69644911E+01	-4.70198230E+01	
1.64000000E+02	-4.76394374E+01	-4.69829300E+01	-4.76041290E+01	-4.73050690E+01	-4.70114231E+01	-4.70795095E+01	
1.65000000E+02	-4.75920170E+01	-4.70215390E+01	-4.75605787E+01	-4.72893440E+01	-4.70282575E+01	-4.71069923E+01	
1.66000000E+02	-4.75271938E+01	-4.70312641E+01	-4.74966291E+01	-4.72514808E+01	-4.70204908E+01	-4.71076083E+01	
1.67000000E+02	-4.74502790E+01	-4.70170880E+01	-4.74178952E+01	-4.71968844E+01	-4.69930242E+01	-4.70863246E+01	
1.68000000E+02	-4.73656056E+01	-4.69840816E+01	-4.73295257E+01	-4.71307438E+01	-4.69505982E+01	-4.70480691E+01	
1.69000000E+02	-4.72766520E+01	-4.69365733E+01	-4.72353355E+01	-4.70567024E+01	-4.68973739E+01	-4.69971516E+01	
1.70000000E+02	-4.71860467E+01	-4.68785281E+01	-4.71385764E+01	-4.69781220E+01	-4.68366279E+01	-4.69373845E+01	
1.71000000E+02	-4.70957520E+01	-4.68132826E+01	-4.70413160E+01	-4.68976148E+01	-4.67714092E+01	-4.68716886E+01	
1.72000000E+02	-4.70071727E+01	-4.67435538E+01	-4.69454680E+01	-4.68170654E+01	-4.67038961E+01	-4.68028145E+01	
1.73000000E+02	-4.69212420E+01	-4.66715119E+01	-4.68521492E+01	-4.67378982E+01	-4.66359153E+01	-4.67325845E+01	
1.74000000E+02	-4.68384980E+01	-4.65989722E+01	-4.67620700E+01	-4.66612109E+01	-4.65689118E+01	-4.66627261E+01	
1.75000000E+02	-4.67593484E+01	-4.65275124E+01	-4.66758638E+01	-4.65877772E+01	-4.65039252E+01	-4.65943768E+01	
1.76000000E+02	-4.66839437E+01	-4.64579638E+01	-4.65937829E+01	-4.65181340E+01	-4.64418470E+01	-4.65285331E+01	
1.77000000E+02	-4.66123970E+01	-4.63914785E+01	-4.65160973E+01	-4.64527009E+01	-4.63833051E+01	-4.64660425E+01	
1.78000000E+02	-4.65448096E+01	-4.63287214E+01	-4.64428970E+01	-4.63917394E+01	-4.63288949E+01	-4.64074905E+01	
1.79000000E+02	-4.64812164E+01	-4.62703178E+01	-4.63743682E+01	-4.63356087E+01	-4.62790697E+01	-4.63534805E+01	
1.80000000E+02	-4.64217828E+01	-4.62169006E+01	-4.63106794E+01	-4.62845227E+01	-4.62344132E+01	-4.63044633E+01	
