Far field
"Plane Wave Phi"[deg]	"1Blade_SEP_lam8_Carbide [dBsm]"	"1Blade_SEP_lam16_Carbide [dBsm]"	"1Blade_SEP_lam20_Carbide [dBsm]"	"1Blade_SEP_lam25_Carbide [dBsm]"	"1Blade_SEP_lam32_Carbide [dBsm]"	"1Blade_SEP_lam40_Carbide [dBsm]"	
-1.80000000E+02	-5.39135057E+01	-5.36532229E+01	-5.45215216E+01	-5.44707067E+01	-5.41494854E+01	-5.40517799E+01	
-1.79000000E+02	-5.37421693E+01	-5.34359833E+01	-5.43329934E+01	-5.42690300E+01	-5.39283845E+01	-5.38251187E+01	
-1.78000000E+02	-5.35816221E+01	-5.32380227E+01	-5.41567399E+01	-5.40814596E+01	-5.37244957E+01	-5.36177476E+01	
-1.77000000E+02	-5.34313827E+01	-5.30577533E+01	-5.39921624E+01	-5.39072410E+01	-5.35365747E+01	-5.34282182E+01	
-1.76000000E+02	-5.32908804E+01	-5.28936965E+01	-5.38384040E+01	-5.37453926E+01	-5.33633886E+01	-5.32551101E+01	
-1.75000000E+02	-5.31592817E+01	-5.27443360E+01	-5.36944313E+01	-5.35948608E+01	-5.32035764E+01	-5.30968096E+01	
-1.74000000E+02	-5.30356817E+01	-5.26081527E+01	-5.35590570E+01	-5.34544124E+01	-5.30558367E+01	-5.29518764E+01	
-1.73000000E+02	-5.29189995E+01	-5.24835451E+01	-5.34308808E+01	-5.33226608E+01	-5.29186247E+01	-5.28186300E+01	
-1.72000000E+02	-5.28080043E+01	-5.23687786E+01	-5.33083778E+01	-5.31981497E+01	-5.27903394E+01	-5.26954494E+01	
-1.71000000E+02	-5.27012732E+01	-5.22620777E+01	-5.31898854E+01	-5.30791250E+01	-5.26692621E+01	-5.25804083E+01	
-1.70000000E+02	-5.25972739E+01	-5.21613596E+01	-5.30734184E+01	-5.29637434E+01	-5.25534417E+01	-5.24715188E+01	
-1.69000000E+02	-5.24942787E+01	-5.20644564E+01	-5.29569585E+01	-5.28499905E+01	-5.24408299E+01	-5.23666308E+01	
-1.68000000E+02	-5.23904655E+01	-5.19689895E+01	-5.28382892E+01	-5.27356716E+01	-5.23292254E+01	-5.22633540E+01	
-1.67000000E+02	-5.22839232E+01	-5.18723333E+01	-5.27151248E+01	-5.26185083E+01	-5.22162523E+01	-5.21592005E+01	
-1.66000000E+02	-5.21726799E+01	-5.17718721E+01	-5.25851850E+01	-5.24961709E+01	-5.20995070E+01	-5.20514666E+01	
-1.65000000E+02	-5.20548341E+01	-5.16649475E+01	-5.24464270E+01	-5.23664010E+01	-5.19765687E+01	-5.19376725E+01	
-1.64000000E+02	-5.19286399E+01	-5.15488587E+01	-5.22967561E+01	-5.22271589E+01	-5.18451348E+01	-5.18151463E+01	
-1.63000000E+02	-5.17926061E+01	-5.14212567E+01	-5.21347292E+01	-5.20766833E+01	-5.17032128E+01	-5.16816094E+01	
-1.62000000E+02	-5.16456088E+01	-5.12801995E+01	-5.19593785E+01	-5.19136858E+01	-5.15492141E+01	-5.15351950E+01	
-1.61000000E+02	-5.14870515E+01	-5.11242515E+01	-5.17702989E+01	-5.17375324E+01	-5.13820620E+01	-5.13746327E+01	
-1.60000000E+02	-5.13169369E+01	-5.09528113E+01	-5.15679479E+01	-5.15483192E+01	-5.12014639E+01	-5.11994042E+01	
-1.59000000E+02	-5.11359310E+01	-5.07661789E+01	-5.13535639E+01	-5.13469221E+01	-5.10079470E+01	-5.10096845E+01	
-1.58000000E+02	-5.09454114E+01	-5.05655106E+01	-5.11291944E+01	-5.11351246E+01	-5.08028412E+01	-5.08068728E+01	
-1.57000000E+02	-5.07474292E+01	-5.03529882E+01	-5.08977006E+01	-5.09154443E+01	-5.05882685E+01	-5.05930842E+01	
-1.56000000E+02	-5.05446502E+01	-5.01316673E+01	-5.06624941E+01	-5.06911822E+01	-5.03674008E+01	-5.03713447E+01	
-1.55000000E+02	-5.03402627E+01	-4.99053967E+01	-5.04275282E+01	-5.04661164E+01	-5.01437461E+01	-5.01454288E+01	
-1.54000000E+02	-5.01378200E+01	-4.96784822E+01	-5.01970944E+01	-5.02445863E+01	-4.99215157E+01	-4.99196549E+01	
-1.53000000E+02	-4.99411094E+01	-4.94556959E+01	-4.99756807E+01	-5.00310481E+01	-4.97051296E+01	-4.96987001E+01	
-1.52000000E+02	-4.97539721E+01	-4.92419625E+01	-4.97677871E+01	-4.98300696E+01	-4.94992825E+01	-4.94873964E+01	
-1.51000000E+02	-4.95801757E+01	-4.90421800E+01	-4.95776768E+01	-4.96461869E+01	-4.93084762E+01	-4.92906285E+01	
-1.50000000E+02	-4.94232052E+01	-4.88610580E+01	-4.94095130E+01	-4.94836429E+01	-4.91371743E+01	-4.91129242E+01	
-1.49000000E+02	-4.92861373E+01	-4.87030169E+01	-4.92668034E+01	-4.93462922E+01	-4.89893938E+01	-4.89586617E+01	
-1.48000000E+02	-4.91714617E+01	-4.85719116E+01	-4.91526274E+01	-4.92374988E+01	-4.88686750E+01	-4.88315959E+01	
-1.47000000E+02	-4.90808959E+01	-4.84709851E+01	-4.90692977E+01	-4.91597858E+01	-4.87778712E+01	-4.87348125E+01	
-1.46000000E+02	-4.90151551E+01	-4.84027373E+01	-4.90181088E+01	-4.91148488E+01	-4.87189737E+01	-4.86705617E+01	
-1.45000000E+02	-4.89736984E+01	-4.83684948E+01	-4.89990822E+01	-4.91030254E+01	-4.86928657E+01	-4.86400442E+01	
-1.44000000E+02	-4.89544795E+01	-4.83683161E+01	-4.90106580E+01	-4.91231290E+01	-4.86988889E+01	-4.86429409E+01	
-1.43000000E+02	-4.89536038E+01	-4.84004919E+01	-4.90492520E+01	-4.91718420E+01	-4.87345651E+01	-4.86770435E+01	
-1.42000000E+02	-4.89650667E+01	-4.84610677E+01	-4.91087263E+01	-4.92432750E+01	-4.87950213E+01	-4.87379226E+01	
-1.41000000E+02	-4.89806734E+01	-4.85434575E+01	-4.91801022E+01	-4.93284415E+01	-4.88725859E+01	-4.88182554E+01	
-1.40000000E+02	-4.89901433E+01	-4.86376919E+01	-4.92512202E+01	-4.94149821E+01	-4.89563523E+01	-4.89074143E+01	
-1.39000000E+02	-4.89817134E+01	-4.87305636E+01	-4.93073854E+01	-4.94874774E+01	-4.90323793E+01	-4.89914414E+01	
-1.38000000E+02	-4.89433795E+01	-4.88058134E+01	-4.93321944E+01	-4.95283836E+01	-4.90842288E+01	-4.90535931E+01	
-1.37000000E+02	-4.88645656E+01	-4.88455719E+01	-4.93100278E+01	-4.95205264E+01	-4.90950289E+01	-4.90761332E+01	
-1.36000000E+02	-4.87381678E+01	-4.88328195E+01	-4.92289484E+01	-4.94501256E+01	-4.90499426E+01	-4.90428486E+01	
-1.35000000E+02	-4.85622885E+01	-4.87548981E+01	-4.90835657E+01	-4.93103802E+01	-4.89397795E+01	-4.89428836E+01	
-1.34000000E+02	-4.83410417E+01	-4.86067431E+01	-4.88769856E+01	-4.91035615E+01	-4.87635038E+01	-4.87733375E+01	
-1.33000000E+02	-4.80841491E+01	-4.83927489E+01	-4.86205856E+01	-4.88411830E+01	-4.85290345E+01	-4.85409821E+01	
-1.32000000E+02	-4.78054701E+01	-4.81261234E+01	-4.83319014E+01	-4.85417302E+01	-4.82521226E+01	-4.82609949E+01	
-1.31000000E+02	-4.75210290E+01	-4.78265406E+01	-4.80318222E+01	-4.82273836E+01	-4.79531789E+01	-4.79539506E+01	
-1.30000000E+02	-4.72470312E+01	-4.75164549E+01	-4.77414548E+01	-4.79207281E+01	-4.76543595E+01	-4.76425165E+01	
-1.29000000E+02	-4.69984503E+01	-4.72181530E+01	-4.74800621E+01	-4.76423837E+01	-4.73766247E+01	-4.73486720E+01	
-1.28000000E+02	-4.67880581E+01	-4.69514621E+01	-4.72640273E+01	-4.74097882E+01	-4.71384445E+01	-4.70915245E+01	
-1.27000000E+02	-4.66259691E+01	-4.67329546E+01	-4.71063488E+01	-4.72369101E+01	-4.69549342E+01	-4.68870051E+01	
-1.26000000E+02	-4.65193919E+01	-4.65756684E+01	-4.70165564E+01	-4.71341596E+01	-4.68378732E+01	-4.67473438E+01	
-1.25000000E+02	-4.64723990E+01	-4.64891105E+01	-4.70005969E+01	-4.71085167E+01	-4.67957296E+01	-4.66813912E+01	
-1.24000000E+02	-4.64856313E+01	-4.64795906E+01	-4.70606830E+01	-4.71634634E+01	-4.68337049E+01	-4.66947990E+01	
-1.23000000E+02	-4.65558289E+01	-4.65498360E+01	-4.71944510E+01	-4.72983809E+01	-4.69533800E+01	-4.67895660E+01	
-1.22000000E+02	-4.66751215E+01	-4.66987426E+01	-4.73940379E+01	-4.75077741E+01	-4.71519434E+01	-4.69634100E+01	
-1.21000000E+02	-4.68304516E+01	-4.69202165E+01	-4.76443211E+01	-4.77795186E+01	-4.74209647E+01	-4.72086976E+01	
-1.20000000E+02	-4.70033665E+01	-4.72019235E+01	-4.79219382E+01	-4.80935582E+01	-4.77447564E+01	-4.75107215E+01	
-1.19000000E+02	-4.71710250E+01	-4.75233529E+01	-4.81951526E+01	-4.84208954E+01	-4.80983813E+01	-4.78458555E+01	
-1.18000000E+02	-4.73092236E+01	-4.78554796E+01	-4.84274374E+01	-4.87253987E+01	-4.84481388E+01	-4.81813309E+01	
-1.17000000E+02	-4.73975741E+01	-4.81619523E+01	-4.85855646E+01	-4.89702789E+01	-4.87548852E+01	-4.84776661E+01	
-1.16000000E+02	-4.74258498E+01	-4.84049611E+01	-4.86512542E+01	-4.91288904E+01	-4.89826383E+01	-4.86966963E+01	
-1.15000000E+02	-4.73987254E+01	-4.85557174E+01	-4.86305032E+01	-4.91970183E+01	-4.91115482E+01	-4.88136260E+01	
-1.14000000E+02	-4.73366706E+01	-4.86055642E+01	-4.85551406E+01	-4.91980399E+01	-4.91476341E+01	-4.88279516E+01	
-1.13000000E+02	-4.72725069E+01	-4.85712118E+01	-4.84755181E+01	-4.91788409E+01	-4.91237114E+01	-4.87660166E+01	
-1.12000000E+02	-4.72461874E+01	-4.84900995E+01	-4.84505125E+01	-4.91993348E+01	-4.90901551E+01	-4.86730581E+01	
-1.11000000E+02	-4.73004780E+01	-4.84089302E+01	-4.85410986E+01	-4.93235188E+01	-4.91020944E+01	-4.86001452E+01	
-1.10000000E+02	-4.74794369E+01	-4.83726130E+01	-4.88100280E+01	-4.96159883E+01	-4.92097069E+01	-4.85933303E+01	
-1.09000000E+02	-4.78300104E+01	-4.84157375E+01	-4.93278007E+01	-5.01441811E+01	-4.94512826E+01	-4.86864646E+01	
-1.08000000E+02	-4.84072021E+01	-4.85567737E+01	-5.01870192E+01	-5.09832470E+01	-4.98456020E+01	-4.88951170E+01	
-1.07000000E+02	-4.92838653E+01	-4.87901368E+01	-5.15308373E+01	-5.22157187E+01	-5.03738056E+01	-4.92063450E+01	
-1.06000000E+02	-5.05700268E+01	-4.90732742E+01	-5.36205910E+01	-5.38854576E+01	-5.09384839E+01	-4.95591151E+01	
-1.05000000E+02	-5.24549523E+01	-4.93083411E+01	-5.70201251E+01	-5.57105884E+01	-5.13052637E+01	-4.98187138E+01	
-1.04000000E+02	-5.53107624E+01	-4.93379919E+01	-6.27927246E+01	-5.62756971E+01	-5.11257190E+01	-4.97789598E+01	
-1.03000000E+02	-5.98953017E+01	-4.89974639E+01	-6.23093491E+01	-5.43069264E+01	-5.02037831E+01	-4.92588806E+01	
-1.02000000E+02	-6.40806113E+01	-4.82257355E+01	-5.55709883E+01	-5.13579186E+01	-4.87265862E+01	-4.82551120E+01	
-1.01000000E+02	-5.84006920E+01	-4.71197838E+01	-5.12067416E+01	-4.86541963E+01	-4.70457524E+01	-4.69458848E+01	
-1.00000000E+02	-5.35050458E+01	-4.58544142E+01	-4.81551338E+01	-4.63970552E+01	-4.54055916E+01	-4.55420445E+01	
-9.90000000E+01	-5.02079318E+01	-4.45792669E+01	-4.58555253E+01	-4.45363370E+01	-4.39153565E+01	-4.41868366E+01	
-9.80000000E+01	-4.78163679E+01	-4.33853465E+01	-4.40522755E+01	-4.30012384E+01	-4.26092748E+01	-4.29527772E+01	
-9.70000000E+01	-4.60009121E+01	-4.23176081E+01	-4.26116837E+01	-4.17360406E+01	-4.14903860E+01	-4.18691614E+01	
-9.60000000E+01	-4.45948939E+01	-4.13942696E+01	-4.14562330E+01	-4.07005385E+01	-4.05511407E+01	-4.09439758E+01	
-9.50000000E+01	-4.35049461E+01	-4.06203449E+01	-4.05376607E+01	-3.98662159E+01	-3.97815162E+01	-4.01762061E+01	
-9.40000000E+01	-4.26748333E+01	-3.99951111E+01	-3.98245811E+01	-3.92128434E+01	-3.91721467E+01	-3.95615978E+01	
-9.30000000E+01	-4.20691715E+01	-3.95158696E+01	-3.92961071E+01	-3.87262019E+01	-3.87154241E+01	-3.90954826E+01	
-9.20000000E+01	-4.16654308E+01	-3.91797410E+01	-3.89384568E+01	-3.83965088E+01	-3.84056873E+01	-3.87738606E+01	
-9.10000000E+01	-4.14496847E+01	-3.89845053E+01	-3.87429947E+01	-3.82175227E+01	-3.82392332E+01	-3.85939134E+01	
-9.00000000E+01	-4.14143392E+01	-3.89290096E+01	-3.87050867E+01	-3.81858613E+01	-3.82142015E+01	-3.85542374E+01	
-8.90000000E+01	-4.15568897E+01	-3.90132832E+01	-3.88235890E+01	-3.83006928E+01	-3.83304658E+01	-3.86547766E+01	
-8.80000000E+01	-4.18794031E+01	-3.92385494E+01	-3.91005872E+01	-3.85635457E+01	-3.85896030E+01	-3.88968732E+01	
-8.70000000E+01	-4.23884012E+01	-3.96069647E+01	-3.95415143E+01	-3.89782454E+01	-3.89946630E+01	-3.92829956E+01	
-8.60000000E+01	-4.30950941E+01	-4.01212671E+01	-4.01555145E+01	-3.95509174E+01	-3.95499517E+01	-3.98163970E+01	
-8.50000000E+01	-4.40156025E+01	-4.07836354E+01	-4.09560588E+01	-4.02899122E+01	-4.02602919E+01	-4.05000935E+01	
-8.40000000E+01	-4.51704264E+01	-4.15934983E+01	-4.19618438E+01	-4.12052827E+01	-4.11293989E+01	-4.13348565E+01	
-8.30000000E+01	-4.65806196E+01	-4.25427652E+01	-4.31974009E+01	-4.23070981E+01	-4.21561550E+01	-4.23147826E+01	
-8.20000000E+01	-4.82522943E+01	-4.36067713E+01	-4.46922555E+01	-4.36004584E+01	-4.33263098E+01	-4.34182618E+01	
-8.10000000E+01	-5.01246726E+01	-4.47280623E+01	-4.64728437E+01	-4.50723491E+01	-4.45958006E+01	-4.45916254E+01	
-8.00000000E+01	-5.19313824E+01	-4.57958253E+01	-4.85278968E+01	-4.66599875E+01	-4.58626775E+01	-4.57260241E+01	
-7.90000000E+01	-5.30457734E+01	-4.66413383E+01	-5.06881526E+01	-4.81903404E+01	-4.69420543E+01	-4.66470608E+01	
-7.80000000E+01	-5.29222526E+01	-4.70959387E+01	-5.23671840E+01	-4.93336268E+01	-4.76046256E+01	-4.71687179E+01	
-7.70000000E+01	-5.19097047E+01	-4.71077974E+01	-5.27053653E+01	-4.97542449E+01	-4.77299568E+01	-4.72213943E+01	
-7.60000000E+01	-5.06998130E+01	-4.67876916E+01	-5.17914863E+01	-4.94623038E+01	-4.74225009E+01	-4.69152195E+01	
-7.50000000E+01	-4.96490853E+01	-4.63165017E+01	-5.05076286E+01	-4.88020825E+01	-4.69103630E+01	-4.64439325E+01	
-7.40000000E+01	-4.88544190E+01	-4.58422095E+01	-4.93732802E+01	-4.80995271E+01	-4.63855954E+01	-4.59673346E+01	
-7.30000000E+01	-4.83177277E+01	-4.54513747E+01	-4.85249340E+01	-4.75228341E+01	-4.59562420E+01	-4.55780358E+01	
-7.20000000E+01	-4.80148922E+01	-4.51838885E+01	-4.79643871E+01	-4.71319397E+01	-4.56686667E+01	-4.53180043E+01	
-7.10000000E+01	-4.79158770E+01	-4.50524336E+01	-4.76610506E+01	-4.69370386E+01	-4.55358599E+01	-4.52001635E+01	
-7.00000000E+01	-4.79881436E+01	-4.50545967E+01	-4.75796329E+01	-4.69281129E+01	-4.55538412E+01	-4.52217350E+01	
-6.90000000E+01	-4.81942202E+01	-4.51787352E+01	-4.76840786E+01	-4.70854785E+01	-4.57089923E+01	-4.53704006E+01	
-6.80000000E+01	-4.84875875E+01	-4.54057693E+01	-4.79347834E+01	-4.73814639E+01	-4.59798630E+01	-4.56259630E+01	
-6.70000000E+01	-4.88091456E+01	-4.57088011E+01	-4.82832848E+01	-4.77780395E+01	-4.63361531E+01	-4.59596989E+01	
-6.60000000E+01	-4.90886232E+01	-4.60522545E+01	-4.86678037E+01	-4.82226672E+01	-4.67368706E+01	-4.63331268E+01	
-6.50000000E+01	-4.92558654E+01	-4.63924082E+01	-4.90132822E+01	-4.86469603E+01	-4.71302026E+01	-4.66983380E+01	
-6.40000000E+01	-4.92619037E+01	-4.66814356E+01	-4.92424475E+01	-4.89735861E+01	-4.74582202E+01	-4.70027619E+01	
-6.30000000E+01	-4.90984309E+01	-4.68766610E+01	-4.92992816E+01	-4.91365665E+01	-4.76691102E+01	-4.72000561E+01	
-6.20000000E+01	-4.87991776E+01	-4.69524300E+01	-4.91720044E+01	-4.91072305E+01	-4.77339475E+01	-4.72642879E+01	
-6.10000000E+01	-4.84217430E+01	-4.69084800E+01	-4.88963304E+01	-4.89069446E+01	-4.76571873E+01	-4.71988609E+01	
-6.00000000E+01	-4.80251117E+01	-4.67685690E+01	-4.85350260E+01	-4.85933345E+01	-4.74730745E+01	-4.70334777E+01	
-5.90000000E+01	-4.76562009E+01	-4.65705996E+01	-4.81521963E+01	-4.82337779E+01	-4.72304880E+01	-4.68117820E+01	
-5.80000000E+01	-4.73465519E+01	-4.63545559E+01	-4.77981792E+01	-4.78852507E+01	-4.69773181E+01	-4.65774421E+01	
-5.70000000E+01	-4.71145635E+01	-4.61545286E+01	-4.75061316E+01	-4.75874094E+01	-4.67515259E+01	-4.63661306E+01	
-5.60000000E+01	-4.69690676E+01	-4.59954993E+01	-4.72949268E+01	-4.73639787E+01	-4.65791956E+01	-4.62030280E+01	
-5.50000000E+01	-4.69123825E+01	-4.58937184E+01	-4.71732584E+01	-4.72270048E+01	-4.64759490E+01	-4.61037465E+01	
-5.40000000E+01	-4.69423762E+01	-4.58582384E+01	-4.71430854E+01	-4.71806650E+01	-4.64496869E+01	-4.60764834E+01	
-5.30000000E+01	-4.70535890E+01	-4.58926400E+01	-4.72018321E+01	-4.72238939E+01	-4.65026582E+01	-4.61240815E+01	
-5.20000000E+01	-4.72377739E+01	-4.59965487E+01	-4.73435769E+01	-4.73520387E+01	-4.66331909E+01	-4.62452834E+01	
-5.10000000E+01	-4.74840263E+01	-4.61664246E+01	-4.75596666E+01	-4.75575932E+01	-4.68365549E+01	-4.64358868E+01	
-5.00000000E+01	-4.77785892E+01	-4.63962297E+01	-4.78387412E+01	-4.78304570E+01	-4.71053029E+01	-4.66890316E+01	
-4.90000000E+01	-4.81048787E+01	-4.66776246E+01	-4.81666201E+01	-4.81578820E+01	-4.74296855E+01	-4.69954896E+01	
-4.80000000E+01	-4.84437157E+01	-4.70001322E+01	-4.85262998E+01	-4.85243830E+01	-4.77973979E+01	-4.73438547E+01	
-4.70000000E+01	-4.87743450E+01	-4.73514175E+01	-4.88981495E+01	-4.89119231E+01	-4.81938458E+01	-4.77205374E+01	
-4.60000000E+01	-4.90762618E+01	-4.77176877E+01	-4.92611307E+01	-4.93004940E+01	-4.86024163E+01	-4.81101852E+01	
-4.50000000E+01	-4.93319386E+01	-4.80843450E+01	-4.95945165E+01	-4.96697407E+01	-4.90055579E+01	-4.84966973E+01	
-4.40000000E+01	-4.95296699E+01	-4.84373804E+01	-4.98809111E+01	-5.00011987E+01	-4.93862096E+01	-4.88645043E+01	
-4.30000000E+01	-4.96656915E+01	-4.87646643E+01	-5.01089388E+01	-5.02812161E+01	-4.97300073E+01	-4.92003992E+01	
-4.20000000E+01	-4.97444389E+01	-4.90576773E+01	-5.02754451E+01	-5.05032803E+01	-5.00274840E+01	-4.94955524E+01	
-4.10000000E+01	-4.97770943E+01	-4.93127407E+01	-5.03856324E+01	-5.06689744E+01	-5.02756022E+01	-4.97466795E+01	
-4.00000000E+01	-4.97787982E+01	-4.95312981E+01	-5.04512143E+01	-5.07872337E+01	-5.04780046E+01	-4.99565738E+01	
-3.90000000E+01	-4.97657756E+01	-4.97194024E+01	-5.04878799E+01	-5.08719340E+01	-5.06440309E+01	-5.01331258E+01	
-3.80000000E+01	-4.97531570E+01	-4.98865486E+01	-5.05122082E+01	-5.09391856E+01	-5.07865413E+01	-5.02876622E+01	
-3.70000000E+01	-4.97536573E+01	-5.00439820E+01	-5.05395082E+01	-5.10046888E+01	-5.09199837E+01	-5.04331483E+01	
-3.60000000E+01	-4.97771617E+01	-5.02033125E+01	-5.05825097E+01	-5.10823173E+01	-5.10581869E+01	-5.05825881E+01	
-3.50000000E+01	-4.98307768E+01	-5.03753961E+01	-5.06512112E+01	-5.11833636E+01	-5.12135693E+01	-5.07476195E+01	
-3.40000000E+01	-4.99192403E+01	-5.05696572E+01	-5.07527401E+01	-5.13163175E+01	-5.13964506E+01	-5.09382046E+01	
-3.30000000E+01	-5.00453056E+01	-5.07942426E+01	-5.08919154E+01	-5.14873334E+01	-5.16149838E+01	-5.11625991E+01	
-3.20000000E+01	-5.02101884E+01	-5.10554931E+01	-5.10714527E+01	-5.17003767E+01	-5.18755245E+01	-5.14273211E+01	
-3.10000000E+01	-5.04138495E+01	-5.13588531E+01	-5.12927638E+01	-5.19577963E+01	-5.21829397E+01	-5.17374419E+01	
-3.00000000E+01	-5.06552689E+01	-5.17084156E+01	-5.15558127E+01	-5.22605764E+01	-5.25408036E+01	-5.20971340E+01	
-2.90000000E+01	-5.09326349E+01	-5.21078434E+01	-5.18597025E+01	-5.26085480E+01	-5.29518959E+01	-5.25097617E+01	
-2.80000000E+01	-5.12433905E+01	-5.25601658E+01	-5.22025085E+01	-5.30005035E+01	-5.34182068E+01	-5.29781648E+01	
-2.70000000E+01	-5.15842999E+01	-5.30683702E+01	-5.25814221E+01	-5.34341242E+01	-5.39413249E+01	-5.35050166E+01	
-2.60000000E+01	-5.19514511E+01	-5.36353423E+01	-5.29929361E+01	-5.39059509E+01	-5.45223664E+01	-5.40928584E+01	
-2.50000000E+01	-5.23402175E+01	-5.42642300E+01	-5.34322802E+01	-5.44111107E+01	-5.51615931E+01	-5.47443150E+01	
-2.40000000E+01	-5.27451865E+01	-5.49583306E+01	-5.38936978E+01	-5.49427837E+01	-5.58583706E+01	-5.54616728E+01	
-2.30000000E+01	-5.31601354E+01	-5.57213430E+01	-5.43699444E+01	-5.54919569E+01	-5.66102406E+01	-5.62469244E+01	
-2.20000000E+01	-5.35780795E+01	-5.65570750E+01	-5.48523012E+01	-5.60467611E+01	-5.74116939E+01	-5.71013011E+01	
-2.10000000E+01	-5.39912345E+01	-5.74691201E+01	-5.53304462E+01	-5.65921829E+01	-5.82520711E+01	-5.80233386E+01	
-2.00000000E+01	-5.43912621E+01	-5.84596448E+01	-5.57926561E+01	-5.71099137E+01	-5.91124185E+01	-5.90069688E+01	
-1.90000000E+01	-5.47695549E+01	-5.95274422E+01	-5.62258224E+01	-5.75792702E+01	-5.99615480E+01	-6.00366475E+01	
-1.80000000E+01	-5.51176829E+01	-6.06625303E+01	-5.66166377E+01	-5.79788055E+01	-6.07517259E+01	-6.10801477E+01	
-1.70000000E+01	-5.54279619E+01	-6.18384455E+01	-5.69527295E+01	-5.82893688E+01	-6.14194748E+01	-6.20780620E+01	
-1.60000000E+01	-5.56941697E+01	-6.29966771E+01	-5.72240420E+01	-5.84974830E+01	-6.18950256E+01	-6.29365840E+01	
-1.50000000E+01	-5.59119696E+01	-6.40292311E+01	-5.74236740E+01	-5.85981841E+01	-6.21242741E+01	-6.35376517E+01	
-1.40000000E+01	-5.60794370E+01	-6.47794355E+01	-5.75497658E+01	-5.85960812E+01	-6.20934300E+01	-6.37819929E+01	
-1.30000000E+01	-5.61971089E+01	-6.50959066E+01	-5.76052159E+01	-5.85037020E+01	-6.18349992E+01	-6.36487340E+01	
-1.20000000E+01	-5.62677457E+01	-6.49350803E+01	-5.75969557E+01	-5.83385559E+01	-6.14117169E+01	-6.32093887E+01	
-1.10000000E+01	-5.62959338E+01	-6.43956895E+01	-5.75342322E+01	-5.81198408E+01	-6.08904541E+01	-6.25800661E+01	
-1.00000000E+01	-5.62874320E+01	-6.36408690E+01	-5.74283556E+01	-5.78655269E+01	-6.03258099E+01	-6.18650617E+01	
-9.00000000E+00	-5.62486106E+01	-6.28077078E+01	-5.72899325E+01	-5.75909399E+01	-5.97553814E+01	-6.11358264E+01	
-8.00000000E+00	-5.61857447E+01	-6.19797223E+01	-5.71292400E+01	-5.73081742E+01	-5.92019842E+01	-6.04323625E+01	
-7.00000000E+00	-5.61049474E+01	-6.11983117E+01	-5.69550236E+01	-5.70263047E+01	-5.86787105E+01	-5.97740335E+01	
-6.00000000E+00	-5.60115418E+01	-6.04799780E+01	-5.67741788E+01	-5.67517033E+01	-5.81914734E+01	-5.91684899E+01	
-5.00000000E+00	-5.59101841E+01	-5.98284284E+01	-5.65924984E+01	-5.64887948E+01	-5.77424626E+01	-5.86168582E+01	
-4.00000000E+00	-5.58047857E+01	-5.92417783E+01	-5.64140981E+01	-5.62403812E+01	-5.73314082E+01	-5.81171754E+01	
-3.00000000E+00	-5.56984966E+01	-5.87154958E+01	-5.62423538E+01	-5.60081734E+01	-5.69569961E+01	-5.76662814E+01	
-2.00000000E+00	-5.55938627E+01	-5.82445304E+01	-5.60794507E+01	-5.57930015E+01	-5.66174294E+01	-5.72604140E+01	
-1.00000000E+00	-5.54928740E+01	-5.78237454E+01	-5.59268479E+01	-5.55951644E+01	-5.63104739E+01	-5.68959648E+01	
0.00000000E+00	-5.53969687E+01	-5.74483723E+01	-5.57855484E+01	-5.54146960E+01	-5.60340268E+01	-5.65693782E+01	
1.00000000E+00	-5.53072590E+01	-5.71142811E+01	-5.56561824E+01	-5.52511199E+01	-5.57859262E+01	-5.62776968E+01	
2.00000000E+00	-5.52244826E+01	-5.68177438E+01	-5.55389730E+01	-5.51039492E+01	-5.55641502E+01	-5.60178958E+01	
3.00000000E+00	-5.51490564E+01	-5.65553089E+01	-5.54338498E+01	-5.49725190E+01	-5.53667529E+01	-5.57873137E+01	
4.00000000E+00	-5.50811101E+01	-5.63241589E+01	-5.53402446E+01	-5.48558809E+01	-5.51919407E+01	-5.55837492E+01	
5.00000000E+00	-5.50205072E+01	-5.61213481E+01	-5.52578771E+01	-5.47532014E+01	-5.50379666E+01	-5.54047952E+01	
6.00000000E+00	-5.49668928E+01	-5.59444056E+01	-5.51857415E+01	-5.46632888E+01	-5.49029666E+01	-5.52483698E+01	
7.00000000E+00	-5.49195312E+01	-5.57907969E+01	-5.51228762E+01	-5.45847788E+01	-5.47850213E+01	-5.51122888E+01	
8.00000000E+00	-5.48774484E+01	-5.56579869E+01	-5.50676742E+01	-5.45162161E+01	-5.46822740E+01	-5.49943104E+01	
9.00000000E+00	-5.48393155E+01	-5.55432635E+01	-5.50187489E+01	-5.44558096E+01	-5.45924844E+01	-5.48921329E+01	
1.00000000E+01	-5.48034091E+01	-5.54438267E+01	-5.49735156E+01	-5.44014420E+01	-5.45132278E+01	-5.48030895E+01	
1.10000000E+01	-5.47676608E+01	-5.53565341E+01	-5.49298281E+01	-5.43507083E+01	-5.44419007E+01	-5.47243904E+01	
1.20000000E+01	-5.47295965E+01	-5.52778235E+01	-5.48844957E+01	-5.43009107E+01	-5.43754442E+01	-5.46527493E+01	
1.30000000E+01	-5.46863750E+01	-5.52038680E+01	-5.48343945E+01	-5.42488951E+01	-5.43105692E+01	-5.45846584E+01	
1.40000000E+01	-5.46348303E+01	-5.51303100E+01	-5.47758052E+01	-5.41913812E+01	-5.42435753E+01	-5.45161846E+01	
1.50000000E+01	-5.45716387E+01	-5.50526617E+01	-5.47050496E+01	-5.41247227E+01	-5.41704791E+01	-5.44430890E+01	
1.60000000E+01	-5.44933980E+01	-5.49660047E+01	-5.46181921E+01	-5.40454383E+01	-5.40875289E+01	-5.43610219E+01	
1.70000000E+01	-5.43969688E+01	-5.48658068E+01	-5.45118741E+01	-5.39501306E+01	-5.39907711E+01	-5.42657463E+01	
1.80000000E+01	-5.42796345E+01	-5.47477254E+01	-5.43831286E+01	-5.38359311E+01	-5.38767603E+01	-5.41532988E+01	
1.90000000E+01	-5.41394677E+01	-5.46082516E+01	-5.42300801E+01	-5.37007235E+01	-5.37428604E+01	-5.40205156E+01	
2.00000000E+01	-5.39755816E+01	-5.44450176E+01	-5.40518336E+01	-5.35433550E+01	-5.35872761E+01	-5.38652403E+01	
2.10000000E+01	-5.37883272E+01	-5.42572965E+01	-5.38491336E+01	-5.33640443E+01	-5.34097781E+01	-5.36867054E+01	
2.20000000E+01	-5.35794457E+01	-5.40460494E+01	-5.36241057E+01	-5.31642314E+01	-5.32112087E+01	-5.34857970E+01	
2.30000000E+01	-5.33519544E+01	-5.38139363E+01	-5.33802890E+01	-5.29468705E+01	-5.29942233E+01	-5.32648419E+01	
2.40000000E+01	-5.31101268E+01	-5.35653649E+01	-5.31225469E+01	-5.27160006E+01	-5.27627116E+01	-5.30280282E+01	
2.50000000E+01	-5.28592046E+01	-5.33060995E+01	-5.28565462E+01	-5.24767761E+01	-5.25217336E+01	-5.27804922E+01	
2.60000000E+01	-5.26051124E+01	-5.30428315E+01	-5.25887713E+01	-5.22350978E+01	-5.22772695E+01	-5.25285516E+01	
2.70000000E+01	-5.23541985E+01	-5.27830481E+01	-5.23258723E+01	-5.19972407E+01	-5.20357866E+01	-5.22791079E+01	
2.80000000E+01	-5.21129619E+01	-5.25341256E+01	-5.20746167E+01	-5.17696830E+01	-5.18040654E+01	-5.20393146E+01	
2.90000000E+01	-5.18878115E+01	-5.23036772E+01	-5.18415394E+01	-5.15588612E+01	-5.15887974E+01	-5.18162772E+01	
3.00000000E+01	-5.16849024E+01	-5.20988603E+01	-5.16327349E+01	-5.13709130E+01	-5.13964861E+01	-5.16169042E+01	
3.10000000E+01	-5.15100340E+01	-5.19263253E+01	-5.14539959E+01	-5.12115555E+01	-5.12332223E+01	-5.14476681E+01	
3.20000000E+01	-5.13684730E+01	-5.17922898E+01	-5.13103760E+01	-5.10860071E+01	-5.11045712E+01	-5.13144970E+01	
3.30000000E+01	-5.12649439E+01	-5.17021282E+01	-5.12062892E+01	-5.09987556E+01	-5.10155208E+01	-5.12227206E+01	
3.40000000E+01	-5.12034219E+01	-5.16605608E+01	-5.11451928E+01	-5.09534784E+01	-5.09701490E+01	-5.11767540E+01	
3.50000000E+01	-5.11870030E+01	-5.16710953E+01	-5.11295258E+01	-5.09527214E+01	-5.09715045E+01	-5.11800969E+01	
3.60000000E+01	-5.12175604E+01	-5.17358786E+01	-5.11601094E+01	-5.09974316E+01	-5.10213408E+01	-5.12348560E+01	
3.70000000E+01	-5.12953096E+01	-5.18550406E+01	-5.12357638E+01	-5.10865117E+01	-5.11192989E+01	-5.13411986E+01	
3.80000000E+01	-5.14181529E+01	-5.20258219E+01	-5.13524258E+01	-5.12158692E+01	-5.12623645E+01	-5.14964790E+01	
3.90000000E+01	-5.15806987E+01	-5.22409282E+01	-5.15020353E+01	-5.13773079E+01	-5.14433860E+01	-5.16941689E+01	
4.00000000E+01	-5.17730656E+01	-5.24870449E+01	-5.16714175E+01	-5.15573077E+01	-5.16501909E+01	-5.19221088E+01	
4.10000000E+01	-5.19796306E+01	-5.27429663E+01	-5.18411309E+01	-5.17358521E+01	-5.18635316E+01	-5.21609838E+01	
4.20000000E+01	-5.21780549E+01	-5.29782633E+01	-5.19853982E+01	-5.18863699E+01	-5.20569521E+01	-5.23831898E+01	
4.30000000E+01	-5.23396796E+01	-5.31543350E+01	-5.20739167E+01	-5.19776783E+01	-5.21977635E+01	-5.25537963E+01	
4.40000000E+01	-5.24325127E+01	-5.32307128E+01	-5.20768329E+01	-5.19791548E+01	-5.22518618E+01	-5.26352487E+01	
4.50000000E+01	-5.24274329E+01	-5.31754119E+01	-5.19722253E+01	-5.18685305E+01	-5.21919353E+01	-5.25965325E+01	
4.60000000E+01	-5.23065419E+01	-5.29768573E+01	-5.17532082E+01	-5.16397556E+01	-5.20066269E+01	-5.24236248E+01	
4.70000000E+01	-5.20697402E+01	-5.26496760E+01	-5.14315466E+01	-5.13055082E+01	-5.17053576E+01	-5.21259361E+01	
4.80000000E+01	-5.17357147E+01	-5.22299023E+01	-5.10342689E+01	-5.08942304E+01	-5.13162295E+01	-5.17336737E+01	
4.90000000E+01	-5.13365818E+01	-5.17638647E+01	-5.05965304E+01	-5.04420904E+01	-5.08775258E+01	-5.12885784E+01	
5.00000000E+01	-5.09095733E+01	-5.12970206E+01	-5.01542114E+01	-4.99853877E+01	-5.04288476E+01	-5.08336341E+01	
5.10000000E+01	-5.04900601E+01	-5.08675871E+01	-4.97388250E+01	-4.95557015E+01	-5.00051548E+01	-5.04062633E+01	
5.20000000E+01	-5.01076764E+01	-5.05048763E+01	-4.93757598E+01	-4.91781694E+01	-4.96342286E+01	-5.00360032E+01	
5.30000000E+01	-4.97853624E+01	-5.02305056E+01	-4.90841704E+01	-4.88716143E+01	-4.93370698E+01	-4.97449797E+01	
5.40000000E+01	-4.95398156E+01	-5.00601672E+01	-4.88779712E+01	-4.86496341E+01	-4.91288967E+01	-4.95491834E+01	
5.50000000E+01	-4.93825349E+01	-5.00051716E+01	-4.87664538E+01	-4.85214738E+01	-4.90205025E+01	-4.94599583E+01	
5.60000000E+01	-4.93204707E+01	-5.00734987E+01	-4.87548623E+01	-4.84927959E+01	-4.90189815E+01	-4.94851896E+01	
5.70000000E+01	-4.93560575E+01	-5.02697497E+01	-4.88436436E+01	-4.85653844E+01	-4.91278545E+01	-4.96292982E+01	
5.80000000E+01	-4.94863524E+01	-5.05941513E+01	-4.90269733E+01	-4.87362841E+01	-4.93461961E+01	-4.98922885E+01	
5.90000000E+01	-4.97008183E+01	-5.10390463E+01	-4.92893927E+01	-4.89956087E+01	-4.96666617E+01	-5.02676050E+01	
6.00000000E+01	-4.99779012E+01	-5.15834166E+01	-4.96012363E+01	-4.93233430E+01	-5.00719206E+01	-5.07378044E+01	
6.10000000E+01	-5.02806519E+01	-5.21841369E+01	-4.99134861E+01	-4.96850318E+01	-5.05293498E+01	-5.12682673E+01	
6.20000000E+01	-5.05538790E+01	-5.27676031E+01	-5.01570117E+01	-5.00291898E+01	-5.09870534E+01	-5.18010484E+01	
6.30000000E+01	-5.07282639E+01	-5.32319413E+01	-5.02537728E+01	-5.02910158E+01	-5.13747732E+01	-5.22553584E+01	
6.40000000E+01	-5.07373979E+01	-5.34775836E+01	-5.01445588E+01	-5.04077820E+01	-5.16192497E+01	-5.25457662E+01	
6.50000000E+01	-5.05453216E+01	-5.34631477E+01	-4.98199943E+01	-5.03451838E+01	-5.16751453E+01	-5.26217396E+01	
6.60000000E+01	-5.01659523E+01	-5.32411715E+01	-4.93279972E+01	-5.01169936E+01	-5.15529957E+01	-5.25028750E+01	
6.70000000E+01	-4.96567606E+01	-5.29320279E+01	-4.87498149E+01	-4.97814043E+01	-5.13193356E+01	-5.22747666E+01	
6.80000000E+01	-4.90925360E+01	-5.26703992E+01	-4.81685981E+01	-4.94175617E+01	-5.10695293E+01	-5.20518703E+01	
6.90000000E+01	-4.85414579E+01	-5.25745155E+01	-4.76513822E+01	-4.91028505E+01	-5.08995868E+01	-5.19455578E+01	
7.00000000E+01	-4.80543906E+01	-5.27482929E+01	-4.72467620E+01	-4.89029690E+01	-5.08957032E+01	-5.20564539E+01	
7.10000000E+01	-4.76647299E+01	-5.33041844E+01	-4.69897645E+01	-4.88732656E+01	-5.11395614E+01	-5.24870282E+01	
7.20000000E+01	-4.73920334E+01	-5.44043138E+01	-4.69084510E+01	-4.90662057E+01	-5.17248838E+01	-5.33719823E+01	
7.30000000E+01	-4.72452753E+01	-5.63515523E+01	-4.70300027E+01	-4.95424483E+01	-5.27889507E+01	-5.49416926E+01	
7.40000000E+01	-4.72242677E+01	-5.98595434E+01	-4.73862979E+01	-5.03874145E+01	-5.45828826E+01	-5.77099673E+01	
7.50000000E+01	-4.73184234E+01	-6.66693986E+01	-4.80204608E+01	-5.17435897E+01	-5.76953688E+01	-6.33860456E+01	
7.60000000E+01	-4.75027213E+01	-6.36822395E+01	-4.89956938E+01	-5.38921243E+01	-6.42495243E+01	-7.67286175E+01	
7.70000000E+01	-4.77311838E+01	-5.63550949E+01	-5.04091995E+01	-5.75351508E+01	-7.13400776E+01	-6.00038838E+01	
7.80000000E+01	-4.79311830E+01	-5.18525731E+01	-5.24077040E+01	-6.55351072E+01	-5.85025523E+01	-5.39357766E+01	
7.90000000E+01	-4.80074651E+01	-4.86493588E+01	-5.51366028E+01	-6.71406285E+01	-5.30165146E+01	-5.01115031E+01	
8.00000000E+01	-4.78681833E+01	-4.61803014E+01	-5.79816667E+01	-5.69305331E+01	-4.94608025E+01	-4.73081635E+01	
8.10000000E+01	-4.74689812E+01	-4.41958917E+01	-5.74821303E+01	-5.20835337E+01	-4.68347950E+01	-4.51129424E+01	
8.20000000E+01	-4.68400351E+01	-4.25652753E+01	-5.40119917E+01	-4.88930016E+01	-4.47774690E+01	-4.33356747E+01	
8.30000000E+01	-4.60667357E+01	-4.12117455E+01	-5.08201394E+01	-4.65444173E+01	-4.31172358E+01	-4.18730130E+01	
8.40000000E+01	-4.52454470E+01	-4.00866869E+01	-4.83493099E+01	-4.47253587E+01	-4.17590899E+01	-4.06625462E+01	
8.50000000E+01	-4.44531421E+01	-3.91574619E+01	-4.64422691E+01	-4.32828601E+01	-4.06450751E+01	-3.96638359E+01	
8.60000000E+01	-4.37404011E+01	-3.84013826E+01	-4.49564672E+01	-4.21308789E+01	-3.97373731E+01	-3.88494224E+01	
8.70000000E+01	-4.31366492E+01	-3.78022591E+01	-4.37982657E+01	-4.12163878E+01	-3.90101996E+01	-3.82000111E+01	
8.80000000E+01	-4.26576626E+01	-3.73483233E+01	-4.29071168E+01	-4.05047429E+01	-3.84453593E+01	-3.77017078E+01	
8.90000000E+01	-4.23114499E+01	-3.70309703E+01	-4.22429496E+01	-3.99722362E+01	-3.80297665E+01	-3.73444817E+01	
9.00000000E+01	-4.21020418E+01	-3.68439734E+01	-4.17785804E+01	-3.96022006E+01	-3.77538887E+01	-3.71210525E+01	
9.10000000E+01	-4.20317165E+01	-3.67829310E+01	-4.14952027E+01	-3.93825920E+01	-3.76107296E+01	-3.70261463E+01	
9.20000000E+01	-4.21022229E+01	-3.68446879E+01	-4.13795802E+01	-3.93044480E+01	-3.75950808E+01	-3.70560208E+01	
9.30000000E+01	-4.23153132E+01	-3.70269902E+01	-4.14220904E+01	-3.93607662E+01	-3.77029364E+01	-3.72079802E+01	
9.40000000E+01	-4.26727914E+01	-3.73280956E+01	-4.16152272E+01	-3.95455559E+01	-3.79309185E+01	-3.74798895E+01	
9.50000000E+01	-4.31759608E+01	-3.77460343E+01	-4.19519499E+01	-3.98527260E+01	-3.82755538E+01	-3.78695932E+01	
9.60000000E+01	-4.38240876E+01	-3.82778098E+01	-4.24236862E+01	-4.02748081E+01	-3.87324111E+01	-3.83740202E+01	
9.70000000E+01	-4.46112178E+01	-3.89179598E+01	-4.30173220E+01	-4.08011251E+01	-3.92946791E+01	-3.89879312E+01	
9.80000000E+01	-4.55198872E+01	-3.96563525E+01	-4.37106161E+01	-4.14152696E+01	-3.99512179E+01	-3.97017182E+01	
9.90000000E+01	-4.65100203E+01	-4.04749534E+01	-4.44658733E+01	-4.20919031E+01	-4.06837090E+01	-4.04983670E+01	
1.00000000E+02	-4.75028092E+01	-4.13434181E+01	-4.52231351E+01	-4.27934626E+01	-4.14632523E+01	-4.13492442E+01	
1.01000000E+02	-4.83690364E+01	-4.22147639E+01	-4.58986880E+01	-4.34690514E+01	-4.22472233E+01	-4.22097995E+01	
1.02000000E+02	-4.89506545E+01	-4.30250666E+01	-4.63994522E+01	-4.40592094E+01	-4.29797914E+01	-4.30183028E+01	
1.03000000E+02	-4.91402957E+01	-4.37028309E+01	-4.66585838E+01	-4.45099441E+01	-4.36000653E+01	-4.37039140E+01	
1.04000000E+02	-4.89620982E+01	-4.41919270E+01	-4.66718693E+01	-4.47926346E+01	-4.40598387E+01	-4.42076035E+01	
1.05000000E+02	-4.85509710E+01	-4.44777507E+01	-4.64996835E+01	-4.49169652E+01	-4.43439563E+01	-4.45086461E+01	
1.06000000E+02	-4.80591069E+01	-4.45952150E+01	-4.62321508E+01	-4.49260806E+01	-4.44775790E+01	-4.46357274E+01	
1.07000000E+02	-4.75954978E+01	-4.46110869E+01	-4.59520090E+01	-4.48780333E+01	-4.45140725E+01	-4.46519672E+01	
1.08000000E+02	-4.72200150E+01	-4.45964526E+01	-4.57178222E+01	-4.48274189E+01	-4.45140959E+01	-4.46281814E+01	
1.09000000E+02	-4.69583180E+01	-4.46090202E+01	-4.55641389E+01	-4.48160282E+01	-4.45295689E+01	-4.46234035E+01	
1.10000000E+02	-4.68159294E+01	-4.46879153E+01	-4.55075039E+01	-4.48710095E+01	-4.45974618E+01	-4.46784476E+01	
1.11000000E+02	-4.67868188E+01	-4.48558238E+01	-4.55521688E+01	-4.50068608E+01	-4.47402053E+01	-4.48173050E+01	
1.12000000E+02	-4.68575209E+01	-4.51229620E+01	-4.56937794E+01	-4.52278782E+01	-4.49680970E+01	-4.50509625E+01	
1.13000000E+02	-4.70087468E+01	-4.54895762E+01	-4.59211068E+01	-4.55297968E+01	-4.52816584E+01	-4.53801000E+01	
1.14000000E+02	-4.72160202E+01	-4.59472713E+01	-4.62166643E+01	-4.59004403E+01	-4.56727822E+01	-4.57966585E+01	
1.15000000E+02	-4.74504308E+01	-4.64783452E+01	-4.65567264E+01	-4.63195787E+01	-4.61247106E+01	-4.62837424E+01	
1.16000000E+02	-4.76805768E+01	-4.70547249E+01	-4.69119826E+01	-4.67589409E+01	-4.66118641E+01	-4.68146315E+01	
1.17000000E+02	-4.78764748E+01	-4.76368432E+01	-4.72497293E+01	-4.71836975E+01	-4.71001864E+01	-4.73527456E+01	
1.18000000E+02	-4.80149540E+01	-4.81761830E+01	-4.75384319E+01	-4.75567373E+01	-4.75499570E+01	-4.78537669E+01	
1.19000000E+02	-4.80846908E+01	-4.86227421E+01	-4.77541835E+01	-4.78460566E+01	-4.79226853E+01	-4.82725046E+01	
1.20000000E+02	-4.80885859E+01	-4.89391124E+01	-4.78869435E+01	-4.80337089E+01	-4.81909817E+01	-4.85750101E+01	
1.21000000E+02	-4.80418736E+01	-4.91138750E+01	-4.79427092E+01	-4.81213608E+01	-4.83472037E+01	-4.87496448E+01	
1.22000000E+02	-4.79671226E+01	-4.91657902E+01	-4.79410038E+01	-4.81289653E+01	-4.84058196E+01	-4.88112866E+01	
1.23000000E+02	-4.78886283E+01	-4.91355732E+01	-4.79085639E+01	-4.80875811E+01	-4.83975105E+01	-4.87948083E+01	
1.24000000E+02	-4.78282191E+01	-4.90709388E+01	-4.78729040E+01	-4.80308435E+01	-4.83592564E+01	-4.87427010E+01	
1.25000000E+02	-4.78029788E+01	-4.90150123E+01	-4.78577982E+01	-4.79883157E+01	-4.83255729E+01	-4.86944690E+01	
1.26000000E+02	-4.78248123E+01	-4.90004494E+01	-4.78812678E+01	-4.79827468E+01	-4.83240635E+01	-4.86812943E+01	
1.27000000E+02	-4.79006897E+01	-4.90494974E+01	-4.79553924E+01	-4.80295438E+01	-4.83742180E+01	-4.87247727E+01	
1.28000000E+02	-4.80333083E+01	-4.91756139E+01	-4.80867933E+01	-4.81377745E+01	-4.84880428E+01	-4.88382890E+01	
1.29000000E+02	-4.82216287E+01	-4.93856248E+01	-4.82774813E+01	-4.83112631E+01	-4.86716708E+01	-4.90286746E+01	
1.30000000E+02	-4.84613655E+01	-4.96812146E+01	-4.85254430E+01	-4.85494571E+01	-4.89262580E+01	-4.92977335E+01	
1.31000000E+02	-4.87451610E+01	-5.00601007E+01	-4.88249831E+01	-4.88482122E+01	-4.92489479E+01	-4.96431787E+01	
1.32000000E+02	-4.90628504E+01	-5.05161306E+01	-4.91670451E+01	-4.91997671E+01	-4.96329917E+01	-5.00588608E+01	
1.33000000E+02	-4.94016990E+01	-5.10392248E+01	-4.95392150E+01	-4.95931352E+01	-5.00678515E+01	-5.05348595E+01	
1.34000000E+02	-4.97470081E+01	-5.16143144E+01	-4.99261008E+01	-5.00138429E+01	-5.05390172E+01	-5.10568287E+01	
1.35000000E+02	-5.00830959E+01	-5.22205812E+01	-5.03100851E+01	-5.04445363E+01	-5.10278273E+01	-5.16058628E+01	
1.36000000E+02	-5.03948576E+01	-5.28313546E+01	-5.06729293E+01	-5.08657909E+01	-5.15122969E+01	-5.21581214E+01	
1.37000000E+02	-5.06697756E+01	-5.34148981E+01	-5.09978449E+01	-5.12579729E+01	-5.19687425E+01	-5.26868701E+01	
1.38000000E+02	-5.08997654E+01	-5.39379619E+01	-5.12720309E+01	-5.16038586E+01	-5.23745973E+01	-5.31645838E+01	
1.39000000E+02	-5.10825136E+01	-5.43724325E+01	-5.14893104E+01	-5.18916161E+01	-5.27129849E+01	-5.35687396E+01	
1.40000000E+02	-5.12215136E+01	-5.47016069E+01	-5.16507330E+01	-5.21170488E+01	-5.29756669E+01	-5.38861163E+01	
1.41000000E+02	-5.13252473E+01	-5.49259365E+01	-5.17643583E+01	-5.22841251E+01	-5.31652536E+01	-5.41165393E+01	
1.42000000E+02	-5.14051882E+01	-5.50617679E+01	-5.18429071E+01	-5.24037579E+01	-5.32938865E+01	-5.42723010E+01	
1.43000000E+02	-5.14740334E+01	-5.51362405E+01	-5.19015332E+01	-5.24912369E+01	-5.33802441E+01	-5.43746172E+01	
1.44000000E+02	-5.15439575E+01	-5.51803363E+01	-5.19552201E+01	-5.25631823E+01	-5.34449168E+01	-5.44484747E+01	
1.45000000E+02	-5.16256259E+01	-5.52223413E+01	-5.20174218E+01	-5.26353438E+01	-5.35078111E+01	-5.45177361E+01	
1.46000000E+02	-5.17276226E+01	-5.52855995E+01	-5.20990866E+01	-5.27212016E+01	-5.35856405E+01	-5.46029052E+01	
1.47000000E+02	-5.18564323E+01	-5.53876912E+01	-5.22085930E+01	-5.28313024E+01	-5.36916124E+01	-5.47198346E+01	
1.48000000E+02	-5.20164904E+01	-5.55409074E+01	-5.23518410E+01	-5.29735241E+01	-5.38352132E+01	-5.48801180E+01	
1.49000000E+02	-5.22104435E+01	-5.57530745E+01	-5.25326188E+01	-5.31529554E+01	-5.40229464E+01	-5.50919302E+01	
1.50000000E+02	-5.24393245E+01	-5.60292103E+01	-5.27528332E+01	-5.33727585E+01	-5.42587688E+01	-5.53602304E+01	
1.51000000E+02	-5.27028216E+01	-5.63714579E+01	-5.30129055E+01	-5.36340116E+01	-5.45443424E+01	-5.56877923E+01	
1.52000000E+02	-5.29992621E+01	-5.67800358E+01	-5.33119483E+01	-5.39363728E+01	-5.48796212E+01	-5.60753295E+01	
1.53000000E+02	-5.33257305E+01	-5.72523488E+01	-5.36476857E+01	-5.42778436E+01	-5.52628276E+01	-5.65214389E+01	
1.54000000E+02	-5.36779698E+01	-5.77831508E+01	-5.40165857E+01	-5.46549401E+01	-5.56901388E+01	-5.70226454E+01	
1.55000000E+02	-5.40503215E+01	-5.83626035E+01	-5.44135927E+01	-5.50624414E+01	-5.61555654E+01	-5.75719266E+01	
1.56000000E+02	-5.44355848E+01	-5.89743952E+01	-5.48320827E+01	-5.54930612E+01	-5.66500723E+01	-5.81580374E+01	
1.57000000E+02	-5.48248856E+01	-5.95934498E+01	-5.52634155E+01	-5.59373383E+01	-5.71607876E+01	-5.87629518E+01	
1.58000000E+02	-5.52077485E+01	-6.01824952E+01	-5.56969972E+01	-5.63829779E+01	-5.76705562E+01	-5.93607033E+01	
1.59000000E+02	-5.55723013E+01	-6.06926560E+01	-5.61199847E+01	-5.68150995E+01	-5.81568656E+01	-5.99154811E+01	
1.60000000E+02	-5.59057296E+01	-6.10680646E+01	-5.65177623E+01	-5.72163923E+01	-5.85928089E+01	-6.03821505E+01	
1.61000000E+02	-5.61953112E+01	-6.12586379E+01	-5.68743304E+01	-5.75682275E+01	-5.89492725E+01	-6.07136449E+01	
1.62000000E+02	-5.64295632E+01	-6.12381819E+01	-5.71743702E+01	-5.78523825E+01	-5.91990592E+01	-6.08719641E+01	
1.63000000E+02	-5.65996941E+01	-6.10144987E+01	-5.74042577E+01	-5.80538144E+01	-5.93231863E+01	-6.08406098E+01	
1.64000000E+02	-5.67008562E+01	-6.06254553E+01	-5.75549039E+01	-5.81632380E+01	-5.93152256E+01	-6.06312430E+01	
1.65000000E+02	-5.67326601E+01	-6.01228004E+01	-5.76226144E+01	-5.81788012E+01	-5.91831873E+01	-6.02778904E+01	
1.66000000E+02	-5.66991674E+01	-5.95564534E+01	-5.76099585E+01	-5.81063142E+01	-5.89466576E+01	-5.98246830E+01	
1.67000000E+02	-5.66078646E+01	-5.89655257E+01	-5.75248733E+01	-5.79576043E+01	-5.86310333E+01	-5.93133847E+01	
1.68000000E+02	-5.64685422E+01	-5.83773629E+01	-5.73789862E+01	-5.77478794E+01	-5.82624402E+01	-5.87777295E+01	
1.69000000E+02	-5.62917251E+01	-5.78087751E+01	-5.71855985E+01	-5.74934310E+01	-5.78635937E+01	-5.82414181E+01	
1.70000000E+02	-5.60876797E+01	-5.72693231E+01	-5.69578531E+01	-5.72092468E+01	-5.74525562E+01	-5.77198665E+01	
1.71000000E+02	-5.58656342E+01	-5.67634209E+01	-5.67077740E+01	-5.69081815E+01	-5.70425234E+01	-5.72223481E+01	
1.72000000E+02	-5.56334006E+01	-5.62929581E+01	-5.64453279E+01	-5.66005306E+01	-5.66424795E+01	-5.67534144E+01	
1.73000000E+02	-5.53972270E+01	-5.58576121E+01	-5.61784032E+01	-5.62939555E+01	-5.62582888E+01	-5.63152377E+01	
1.74000000E+02	-5.51620289E+01	-5.54560818E+01	-5.59131399E+01	-5.59940043E+01	-5.58933465E+01	-5.59082258E+01	
1.75000000E+02	-5.49314262E+01	-5.50867419E+01	-5.56538115E+01	-5.57045433E+01	-5.55494697E+01	-5.55314504E+01	
1.76000000E+02	-5.47080110E+01	-5.47475750E+01	-5.54034964E+01	-5.54279938E+01	-5.52273376E+01	-5.51837735E+01	
1.77000000E+02	-5.44936086E+01	-5.44365663E+01	-5.51642422E+01	-5.51658239E+01	-5.49268913E+01	-5.48637008E+01	
1.78000000E+02	-5.42893458E+01	-5.41517268E+01	-5.49371479E+01	-5.49188193E+01	-5.46476621E+01	-5.45694287E+01	
1.79000000E+02	-5.40958846E+01	-5.38912097E+01	-5.47228780E+01	-5.46871661E+01	-5.43888591E+01	-5.42993328E+01	
1.80000000E+02	-5.39135057E+01	-5.36532229E+01	-5.45215216E+01	-5.44707067E+01	-5.41494854E+01	-5.40517799E+01	
