Far field
"Plane Wave Phi"[deg]	"1Blade_SEP_lam8_Carbide [dBsm]"	"1Blade_SEP_lam16_Carbide [dBsm]"	"1Blade_SEP_lam20_Carbide [dBsm]"	"1Blade_SEP_lam25_Carbide [dBsm]"	"1Blade_SEP_lam32_Carbide [dBsm]"	"1Blade_SEP_lam40_Carbide [dBsm]"	"1Blade_SEP_lam64_Carbide [dBsm]"	"1Blade_SEP_lam80_Carbide [dBsm]"	"1Blade_SEP_lam120_Carbide [dBsm]"	
-1.80000000E+02	-3.45421898E+01	-3.38413556E+01	-3.43749124E+01	-3.42404289E+01	-3.40183550E+01	-3.39476764E+01	-3.37942430E+01	-3.37383299E+01	-3.36753850E+01	
-1.79000000E+02	-3.44060518E+01	-3.38009797E+01	-3.42459045E+01	-3.41477374E+01	-3.39589322E+01	-3.39030563E+01	-3.37516104E+01	-3.36926971E+01	-3.36241742E+01	
-1.78000000E+02	-3.41973338E+01	-3.36544875E+01	-3.40279008E+01	-3.39613976E+01	-3.38020723E+01	-3.37566957E+01	-3.36004886E+01	-3.35367234E+01	-3.34602571E+01	
-1.77000000E+02	-3.39227679E+01	-3.34071775E+01	-3.37285361E+01	-3.36881307E+01	-3.35534727E+01	-3.35140026E+01	-3.33465700E+01	-3.32763630E+01	-3.31902452E+01	
-1.76000000E+02	-3.35900747E+01	-3.30679659E+01	-3.33572279E+01	-3.33368001E+01	-3.32214458E+01	-3.31833182E+01	-3.29994097E+01	-3.29212802E+01	-3.28242013E+01	
-1.75000000E+02	-3.32074350E+01	-3.26482149E+01	-3.29243312E+01	-3.29177442E+01	-3.28161628E+01	-3.27752769E+01	-3.25703494E+01	-3.24836510E+01	-3.23750421E+01	
-1.74000000E+02	-3.27830052E+01	-3.21605915E+01	-3.24404405E+01	-3.24419266E+01	-3.23488566E+01	-3.23016690E+01	-3.20731309E+01	-3.19772998E+01	-3.18572016E+01	
-1.73000000E+02	-3.23245810E+01	-3.16183444E+01	-3.19158912E+01	-3.19201896E+01	-3.18309850E+01	-3.17748079E+01	-3.15209975E+01	-3.14165282E+01	-3.12849104E+01	
-1.72000000E+02	-3.18393460E+01	-3.10341279E+01	-3.13602451E+01	-3.13629392E+01	-3.12736059E+01	-3.12065168E+01	-3.09273654E+01	-3.08142545E+01	-3.06721034E+01	
-1.71000000E+02	-3.13337511E+01	-3.04195806E+01	-3.07821331E+01	-3.07796085E+01	-3.06869456E+01	-3.06077354E+01	-3.03036314E+01	-3.01828331E+01	-3.00311462E+01	
-1.70000000E+02	-3.08134475E+01	-2.97849893E+01	-3.01891334E+01	-3.01785627E+01	-3.00801697E+01	-2.99883146E+01	-2.96608445E+01	-2.95329584E+01	-2.93727310E+01	
-1.69000000E+02	-3.02833108E+01	-2.91392360E+01	-2.95877312E+01	-2.95670530E+01	-2.94612413E+01	-2.93567283E+01	-2.90079782E+01	-2.88736441E+01	-2.87060223E+01	
-1.68000000E+02	-2.97474913E+01	-2.84897768E+01	-2.89833718E+01	-2.89511956E+01	-2.88368838E+01	-2.87201068E+01	-2.83520828E+01	-2.82124316E+01	-2.80384734E+01	
-1.67000000E+02	-2.92094731E+01	-2.78427497E+01	-2.83806586E+01	-2.83361922E+01	-2.82127743E+01	-2.80844496E+01	-2.76995257E+01	-2.75554936E+01	-2.73761909E+01	
-1.66000000E+02	-2.86722158E+01	-2.72030578E+01	-2.77833932E+01	-2.77262641E+01	-2.75935904E+01	-2.74546557E+01	-2.70553834E+01	-2.69076639E+01	-2.67240805E+01	
-1.65000000E+02	-2.81382095E+01	-2.65748080E+01	-2.71947283E+01	-2.71249437E+01	-2.69832468E+01	-2.68347308E+01	-2.64234074E+01	-2.62728828E+01	-2.60860596E+01	
-1.64000000E+02	-2.76095856E+01	-2.59612792E+01	-2.66172759E+01	-2.65352165E+01	-2.63849088E+01	-2.62280411E+01	-2.58069960E+01	-2.56543791E+01	-2.54652362E+01	
-1.63000000E+02	-2.70881964E+01	-2.53650819E+01	-2.60532699E+01	-2.59594756E+01	-2.58012455E+01	-2.56372303E+01	-2.52089075E+01	-2.50548481E+01	-2.48640983E+01	
-1.62000000E+02	-2.65757430E+01	-2.47884840E+01	-2.55045760E+01	-2.53998787E+01	-2.52345332E+01	-2.50645492E+01	-2.46310557E+01	-2.44762866E+01	-2.42846255E+01	
-1.61000000E+02	-2.60738121E+01	-2.42333403E+01	-2.49729363E+01	-2.48581875E+01	-2.46865869E+01	-2.45119267E+01	-2.40753856E+01	-2.39204168E+01	-2.37286485E+01	
-1.60000000E+02	-2.55839316E+01	-2.37011954E+01	-2.44598657E+01	-2.43360820E+01	-2.41592714E+01	-2.39811133E+01	-2.35432151E+01	-2.33887076E+01	-2.31975610E+01	
-1.59000000E+02	-2.51076721E+01	-2.31935719E+01	-2.39667769E+01	-2.38350920E+01	-2.36540392E+01	-2.34736123E+01	-2.30364175E+01	-2.28828565E+01	-2.26927126E+01	
-1.58000000E+02	-2.46466358E+01	-2.27118151E+01	-2.34951620E+01	-2.33566894E+01	-2.31724534E+01	-2.29907921E+01	-2.25558703E+01	-2.24037690E+01	-2.22153557E+01	
-1.57000000E+02	-2.42025697E+01	-2.22572772E+01	-2.30464901E+01	-2.29023565E+01	-2.27159369E+01	-2.25341565E+01	-2.21030266E+01	-2.19529176E+01	-2.17666521E+01	
-1.56000000E+02	-2.37772978E+01	-2.18313245E+01	-2.26222941E+01	-2.24736163E+01	-2.22860207E+01	-2.21051064E+01	-2.16791632E+01	-2.15315699E+01	-2.13478940E+01	
-1.55000000E+02	-2.33728264E+01	-2.14353489E+01	-2.22241408E+01	-2.20720190E+01	-2.18842349E+01	-2.17051058E+01	-2.12859454E+01	-2.11409697E+01	-2.09603268E+01	
-1.54000000E+02	-2.29913156E+01	-2.10707953E+01	-2.18537323E+01	-2.16993010E+01	-2.15122297E+01	-2.13358136E+01	-2.09244678E+01	-2.07825434E+01	-2.06054321E+01	
-1.53000000E+02	-2.26351133E+01	-2.07393651E+01	-2.15130276E+01	-2.13572863E+01	-2.11717817E+01	-2.09988224E+01	-2.05964472E+01	-2.04579669E+01	-2.02846551E+01	
-1.52000000E+02	-2.23067509E+01	-2.04428046E+01	-2.12040221E+01	-2.10479440E+01	-2.08647938E+01	-2.06960436E+01	-2.03036542E+01	-2.01687597E+01	-1.99994428E+01	
-1.51000000E+02	-2.20089564E+01	-2.01830481E+01	-2.09288902E+01	-2.07734269E+01	-2.05934295E+01	-2.04294662E+01	-2.00478465E+01	-1.99169724E+01	-1.97519465E+01	
-1.50000000E+02	-2.17447017E+01	-1.99622647E+01	-2.06902171E+01	-2.05361404E+01	-2.03598935E+01	-2.02013369E+01	-1.98314011E+01	-1.97045200E+01	-1.95440581E+01	
-1.49000000E+02	-2.15171584E+01	-1.97827968E+01	-2.04905932E+01	-2.03387015E+01	-2.01667962E+01	-2.00140973E+01	-1.96564827E+01	-1.95338594E+01	-1.93782241E+01	
-1.48000000E+02	-2.13297931E+01	-1.96473782E+01	-2.03329960E+01	-2.01839697E+01	-2.00169287E+01	-1.98706116E+01	-1.95256387E+01	-1.94075326E+01	-1.92567513E+01	
-1.47000000E+02	-2.11863349E+01	-1.95589981E+01	-2.02207432E+01	-2.00751829E+01	-1.99134404E+01	-1.97737869E+01	-1.94420694E+01	-1.93285306E+01	-1.91828283E+01	
-1.46000000E+02	-2.10908693E+01	-1.95209566E+01	-2.01574388E+01	-2.00158385E+01	-1.98596948E+01	-1.97268917E+01	-1.94090726E+01	-1.93000530E+01	-1.91594442E+01	
-1.45000000E+02	-2.10478996E+01	-1.95370613E+01	-2.01471735E+01	-2.00099812E+01	-1.98597257E+01	-1.97341599E+01	-1.94301560E+01	-1.93256722E+01	-1.91903149E+01	
-1.44000000E+02	-2.10623964E+01	-1.96115967E+01	-2.01945668E+01	-2.00620839E+01	-1.99179457E+01	-1.97997374E+01	-1.95096324E+01	-1.94100806E+01	-1.92797955E+01	
-1.43000000E+02	-2.11399339E+01	-1.97494967E+01	-2.03047834E+01	-2.01772804E+01	-2.00394503E+01	-1.99286681E+01	-1.96524845E+01	-1.95576870E+01	-1.94326134E+01	
-1.42000000E+02	-2.12868496E+01	-1.99564164E+01	-2.04838256E+01	-2.03614906E+01	-2.02298963E+01	-2.01265687E+01	-1.98643604E+01	-1.97742228E+01	-1.96543405E+01	
-1.41000000E+02	-2.15104524E+01	-2.02389856E+01	-2.07386559E+01	-2.06215139E+01	-2.04961506E+01	-2.04003054E+01	-2.01517682E+01	-2.00663034E+01	-1.99514062E+01	
-1.40000000E+02	-2.18192711E+01	-2.06050278E+01	-2.10774631E+01	-2.09654521E+01	-2.08460737E+01	-2.07576227E+01	-2.05224799E+01	-2.04415640E+01	-2.03316627E+01	
-1.39000000E+02	-2.22234832E+01	-2.10638016E+01	-2.15099850E+01	-2.14029042E+01	-2.12893550E+01	-2.12080742E+01	-2.09858135E+01	-2.09093595E+01	-2.08040063E+01	
-1.38000000E+02	-2.27354694E+01	-2.16267568E+01	-2.20481887E+01	-2.19456627E+01	-2.18374941E+01	-2.17630687E+01	-2.15531833E+01	-2.14807747E+01	-2.13797785E+01	
-1.37000000E+02	-2.33706474E+01	-2.23078750E+01	-2.27069363E+01	-2.26084143E+01	-2.25048778E+01	-2.24367235E+01	-2.22381186E+01	-2.21695636E+01	-2.20723113E+01	
-1.36000000E+02	-2.41487043E+01	-2.31250164E+01	-2.35052956E+01	-2.34098222E+01	-2.33098726E+01	-2.32475391E+01	-2.30587020E+01	-2.29934146E+01	-2.28992130E+01	
-1.35000000E+02	-2.50956684E+01	-2.41013266E+01	-2.44683855E+01	-2.43744648E+01	-2.42765221E+01	-2.42188872E+01	-2.40375495E+01	-2.39748785E+01	-2.38824552E+01	
-1.34000000E+02	-2.62471398E+01	-2.52677322E+01	-2.56304033E+01	-2.55358879E+01	-2.54375387E+01	-2.53828284E+01	-2.52053739E+01	-2.51436726E+01	-2.50515517E+01	
-1.33000000E+02	-2.76541866E+01	-2.66677000E+01	-2.70407931E+01	-2.69419017E+01	-2.68390977E+01	-2.67843860E+01	-2.66045798E+01	-2.65418235E+01	-2.64467968E+01	
-1.32000000E+02	-2.93942726E+01	-2.83642463E+01	-2.87747460E+01	-2.86650685E+01	-2.85502526E+01	-2.84904194E+01	-2.82958561E+01	-2.82276654E+01	-2.81253743E+01	
-1.31000000E+02	-3.15938143E+01	-3.04548601E+01	-3.09571180E+01	-3.08243161E+01	-3.06824364E+01	-3.06064832E+01	-3.03724514E+01	-3.02909143E+01	-3.01703159E+01	
-1.30000000E+02	-3.44786006E+01	-3.30989485E+01	-3.38225459E+01	-3.36386595E+01	-3.34338557E+01	-3.33154555E+01	-3.29822642E+01	-3.28671594E+01	-3.27061987E+01	
-1.29000000E+02	-3.84865947E+01	-3.65665578E+01	-3.79064948E+01	-3.75901451E+01	-3.72084453E+01	-3.69669715E+01	-3.63555294E+01	-3.61577172E+01	-3.58964310E+01	
-1.28000000E+02	-4.41443934E+01	-4.11664155E+01	-4.50383219E+01	-4.41447209E+01	-4.29617329E+01	-4.22272109E+01	-4.06604950E+01	-4.02281236E+01	-3.97141284E+01	
-1.27000000E+02	-4.55706631E+01	-4.48368983E+01	-6.16072813E+01	-5.54636743E+01	-4.94876457E+01	-4.73171701E+01	-4.38666155E+01	-4.31385315E+01	-4.23552501E+01	
-1.26000000E+02	-4.08344346E+01	-4.23512121E+01	-4.39289432E+01	-4.42788326E+01	-4.37711292E+01	-4.33328678E+01	-4.18662334E+01	-4.14904710E+01	-4.10537394E+01	
-1.25000000E+02	-3.76523075E+01	-3.92604375E+01	-3.93022983E+01	-3.96377061E+01	-3.96165637E+01	-3.95858663E+01	-3.90764616E+01	-3.89393963E+01	-3.87630355E+01	
-1.24000000E+02	-3.57878432E+01	-3.74036051E+01	-3.70132952E+01	-3.73388851E+01	-3.74286549E+01	-3.75138523E+01	-3.73335337E+01	-3.72941550E+01	-3.72298120E+01	
-1.23000000E+02	-3.47977376E+01	-3.65324240E+01	-3.58940156E+01	-3.62357605E+01	-3.63828710E+01	-3.65332846E+01	-3.65235606E+01	-3.65377461E+01	-3.65364789E+01	
-1.22000000E+02	-3.44951983E+01	-3.64923626E+01	-3.56118395E+01	-3.59960478E+01	-3.61961543E+01	-3.64083658E+01	-3.65307050E+01	-3.65898367E+01	-3.66395921E+01	
-1.21000000E+02	-3.48407826E+01	-3.73126194E+01	-3.61058541E+01	-3.65686925E+01	-3.68381783E+01	-3.71327494E+01	-3.74039267E+01	-3.75167625E+01	-3.76271049E+01	
-1.20000000E+02	-3.59182420E+01	-3.92699925E+01	-3.75120037E+01	-3.81191214E+01	-3.85021903E+01	-3.89376303E+01	-3.94472568E+01	-3.96508497E+01	-3.98655296E+01	
-1.19000000E+02	-3.79934478E+01	-4.32596830E+01	-4.02867385E+01	-4.11925410E+01	-4.18079594E+01	-4.25655229E+01	-4.36544544E+01	-4.40935758E+01	-4.45960882E+01	
-1.18000000E+02	-4.17089480E+01	-5.12997515E+01	-4.56312794E+01	-4.70931481E+01	-4.80869841E+01	-4.96199249E+01	-5.23464025E+01	-5.33558021E+01	-5.45918737E+01	
-1.17000000E+02	-4.69132755E+01	-4.41235126E+01	-4.73933707E+01	-4.61098372E+01	-4.52896716E+01	-4.47159041E+01	-4.38018269E+01	-4.34303055E+01	-4.30339484E+01	
-1.16000000E+02	-4.24753933E+01	-3.74743398E+01	-3.97564193E+01	-3.88648192E+01	-3.83359911E+01	-3.79060938E+01	-3.72497638E+01	-3.70136134E+01	-3.67561060E+01	
-1.15000000E+02	-3.67945540E+01	-3.34043947E+01	-3.49213799E+01	-3.43566660E+01	-3.40108501E+01	-3.37180522E+01	-3.32400913E+01	-3.30713523E+01	-3.28828820E+01	
-1.14000000E+02	-3.30243936E+01	-3.05327346E+01	-3.16467416E+01	-3.12428039E+01	-3.09914451E+01	-3.07773748E+01	-3.04037890E+01	-3.02729700E+01	-3.01232614E+01	
-1.13000000E+02	-3.03364961E+01	-2.83738842E+01	-2.92434475E+01	-2.89322241E+01	-2.87374609E+01	-2.85734157E+01	-2.82681431E+01	-2.81618309E+01	-2.80373314E+01	
-1.12000000E+02	-2.83283785E+01	-2.67094104E+01	-2.74146790E+01	-2.71631554E+01	-2.70061488E+01	-2.68768325E+01	-2.66200897E+01	-2.65313113E+01	-2.64250255E+01	
-1.11000000E+02	-2.68043913E+01	-2.54251422E+01	-2.60120199E+01	-2.58017491E+01	-2.56717240E+01	-2.55680765E+01	-2.53482717E+01	-2.52729960E+01	-2.51803288E+01	
-1.10000000E+02	-2.56600549E+01	-2.44565204E+01	-2.49533356E+01	-2.47731447E+01	-2.46634310E+01	-2.45798895E+01	-2.43896249E+01	-2.43248338E+01	-2.42431788E+01	
-1.09000000E+02	-2.48368577E+01	-2.37666645E+01	-2.41922203E+01	-2.40346427E+01	-2.39407042E+01	-2.38736333E+01	-2.37080668E+01	-2.36519852E+01	-2.35795381E+01	
-1.08000000E+02	-2.43030223E+01	-2.33365307E+01	-2.37036631E+01	-2.35634942E+01	-2.34822947E+01	-2.34291061E+01	-2.32854655E+01	-2.32365768E+01	-2.31722222E+01	
-1.07000000E+02	-2.40450725E+01	-2.31606788E+01	-2.34782045E+01	-2.33516323E+01	-2.32808805E+01	-2.32400881E+01	-2.31163658E+01	-2.30742752E+01	-2.30170818E+01	
-1.06000000E+02	-2.40641600E+01	-2.32462746E+01	-2.35196677E+01	-2.34037176E+01	-2.33419278E+01	-2.33126642E+01	-2.32083151E+01	-2.31726954E+01	-2.31224925E+01	
-1.05000000E+02	-2.43757655E+01	-2.36142048E+01	-2.38453096E+01	-2.37379931E+01	-2.36844181E+01	-2.36666840E+01	-2.35829488E+01	-2.35542202E+01	-2.35113425E+01	
-1.04000000E+02	-2.50113118E+01	-2.43036777E+01	-2.44890331E+01	-2.43892762E+01	-2.43442774E+01	-2.43394962E+01	-2.42806230E+01	-2.42595947E+01	-2.42248213E+01	
-1.03000000E+02	-2.60203435E+01	-2.53808706E+01	-2.55057851E+01	-2.54149533E+01	-2.53812487E+01	-2.53932589E+01	-2.53685662E+01	-2.53579520E+01	-2.53345005E+01	
-1.02000000E+02	-2.74648706E+01	-2.69532312E+01	-2.69750531E+01	-2.69007578E+01	-2.68870915E+01	-2.69258690E+01	-2.69597893E+01	-2.69652133E+01	-2.69597479E+01	
-1.01000000E+02	-2.93585295E+01	-2.91790669E+01	-2.89724076E+01	-2.89431292E+01	-2.89770899E+01	-2.90689201E+01	-2.92234420E+01	-2.92628556E+01	-2.92959257E+01	
-1.00000000E+02	-3.13347425E+01	-3.21256371E+01	-3.13230788E+01	-3.14332268E+01	-3.15992572E+01	-3.18136263E+01	-3.22658734E+01	-3.23881696E+01	-3.25221592E+01	
-9.90000000E+01	-3.18873763E+01	-3.44053529E+01	-3.25969145E+01	-3.29796620E+01	-3.33874622E+01	-3.37798482E+01	-3.47067271E+01	-3.49634180E+01	-3.52840040E+01	
-9.80000000E+01	-3.00293110E+01	-3.25339212E+01	-3.09293014E+01	-3.13544895E+01	-3.17581422E+01	-3.20710644E+01	-3.27460516E+01	-3.29122188E+01	-3.31229229E+01	
-9.70000000E+01	-2.73855026E+01	-2.90174507E+01	-2.80500924E+01	-2.83519717E+01	-2.86183642E+01	-2.87949422E+01	-2.91111117E+01	-2.91758888E+01	-2.92565656E+01	
-9.60000000E+01	-2.50271599E+01	-2.61106825E+01	-2.54850574E+01	-2.56989503E+01	-2.58823813E+01	-2.59941513E+01	-2.61555880E+01	-2.61825210E+01	-2.62134351E+01	
-9.50000000E+01	-2.31146153E+01	-2.38929506E+01	-2.34386787E+01	-2.36016945E+01	-2.37410380E+01	-2.38234608E+01	-2.39170680E+01	-2.39283999E+01	-2.39391724E+01	
-9.40000000E+01	-2.15965877E+01	-2.21959841E+01	-2.18342525E+01	-2.19669779E+01	-2.20817187E+01	-2.21496243E+01	-2.22100040E+01	-2.22144609E+01	-2.22157305E+01	
-9.30000000E+01	-2.04062055E+01	-2.08943294E+01	-2.05859358E+01	-2.06997086E+01	-2.07998348E+01	-2.08602944E+01	-2.09030096E+01	-2.09042978E+01	-2.09007490E+01	
-9.20000000E+01	-1.94915524E+01	-1.99074658E+01	-1.96308932E+01	-1.97322968E+01	-1.98235078E+01	-1.98801007E+01	-1.99134312E+01	-1.99131693E+01	-1.99071127E+01	
-9.10000000E+01	-1.88158021E+01	-1.91837697E+01	-1.89260688E+01	-1.90192571E+01	-1.91050026E+01	-1.91598651E+01	-1.91883237E+01	-1.91874978E+01	-1.91802727E+01	
-9.00000000E+01	-1.83536373E+01	-1.86897331E+01	-1.84425232E+01	-1.85302617E+01	-1.86129164E+01	-1.86673229E+01	-1.86938647E+01	-1.86930343E+01	-1.86853539E+01	
-8.90000000E+01	-1.80882459E+01	-1.84040071E+01	-1.81612730E+01	-1.82455634E+01	-1.83268082E+01	-1.83817070E+01	-1.84082664E+01	-1.84079449E+01	-1.84003667E+01	
-8.80000000E+01	-1.80092848E+01	-1.83137809E+01	-1.80706528E+01	-1.81530736E+01	-1.82343135E+01	-1.82904719E+01	-1.83186678E+01	-1.83190676E+01	-1.83120973E+01	
-8.70000000E+01	-1.81117016E+01	-1.84127452E+01	-1.81648707E+01	-1.82468107E+01	-1.83293374E+01	-1.83874191E+01	-1.84186632E+01	-1.84201873E+01	-1.84141702E+01	
-8.60000000E+01	-1.83951751E+01	-1.87004695E+01	-1.84432772E+01	-1.85261069E+01	-1.86112186E+01	-1.86719886E+01	-1.87078855E+01	-1.87108818E+01	-1.87062266E+01	
-8.50000000E+01	-1.88640427E+01	-1.91820243E+01	-1.89102419E+01	-1.89954564E+01	-1.90847226E+01	-1.91491167E+01	-1.91915043E+01	-1.91965078E+01	-1.91937648E+01	
-8.40000000E+01	-1.95277651E+01	-1.98687944E+01	-1.95756475E+01	-1.96651237E+01	-1.97605327E+01	-1.98297504E+01	-1.98812141E+01	-1.98887814E+01	-1.98888089E+01	
-8.30000000E+01	-2.04019534E+01	-2.07800246E+01	-2.04559811E+01	-2.05522497E+01	-2.06565326E+01	-2.07323223E+01	-2.07963630E+01	-2.08074690E+01	-2.08114421E+01	
-8.20000000E+01	-2.15101536E+01	-2.19453840E+01	-2.15764012E+01	-2.16830831E+01	-2.18002163E+01	-2.18852574E+01	-2.19674466E+01	-2.19837508E+01	-2.19933790E+01	
-8.10000000E+01	-2.28865177E+01	-2.34098352E+01	-2.29737353E+01	-2.30964435E+01	-2.32326917E+01	-2.33312147E+01	-2.34404131E+01	-2.34641054E+01	-2.34823383E+01	
-8.00000000E+01	-2.45791077E+01	-2.52406599E+01	-2.47004642E+01	-2.48482420E+01	-2.50137381E+01	-2.51330203E+01	-2.52845680E+01	-2.53201997E+01	-2.53514426E+01	
-7.90000000E+01	-2.66505257E+01	-2.75346593E+01	-2.68256499E+01	-2.70136531E+01	-2.72257609E+01	-2.73786718E+01	-2.76003467E+01	-2.76559837E+01	-2.77094848E+01	
-7.80000000E+01	-2.91560102E+01	-3.03974200E+01	-2.94091908E+01	-2.96613929E+01	-2.99483147E+01	-3.01574396E+01	-3.05007523E+01	-3.05910892E+01	-3.06830446E+01	
-7.70000000E+01	-3.19994111E+01	-3.36881042E+01	-3.23205140E+01	-3.26533181E+01	-3.30354898E+01	-3.33226492E+01	-3.38429510E+01	-3.39839866E+01	-3.41284894E+01	
-7.60000000E+01	-3.43607818E+01	-3.57964080E+01	-3.45336935E+01	-3.48349325E+01	-3.51759374E+01	-3.54453272E+01	-3.59224053E+01	-3.60405924E+01	-3.61448216E+01	
-7.50000000E+01	-3.45678551E+01	-3.46091700E+01	-3.43045881E+01	-3.43707467E+01	-3.44466425E+01	-3.45295453E+01	-3.46026607E+01	-3.46004879E+01	-3.45666752E+01	
-7.40000000E+01	-3.30450015E+01	-3.22978097E+01	-3.25420475E+01	-3.24588658E+01	-3.23857550E+01	-3.23644280E+01	-3.22350805E+01	-3.21803999E+01	-3.20964837E+01	
-7.30000000E+01	-3.14121487E+01	-3.04355262E+01	-3.08506384E+01	-3.07185237E+01	-3.06015996E+01	-3.05479960E+01	-3.03583301E+01	-3.02911511E+01	-3.01952056E+01	
-7.20000000E+01	-3.02008898E+01	-2.91578925E+01	-2.96277701E+01	-2.94792583E+01	-2.93502259E+01	-2.92860657E+01	-2.90773484E+01	-2.90059676E+01	-2.89068004E+01	
-7.10000000E+01	-2.94413241E+01	-2.83660982E+01	-2.88612935E+01	-2.87041816E+01	-2.85705394E+01	-2.85013654E+01	-2.82840267E+01	-2.82101087E+01	-2.81097811E+01	
-7.00000000E+01	-2.90811648E+01	-2.79725913E+01	-2.84889676E+01	-2.83240937E+01	-2.81866251E+01	-2.81132271E+01	-2.78889559E+01	-2.78127804E+01	-2.77104401E+01	
-6.90000000E+01	-2.90750535E+01	-2.79221500E+01	-2.84637883E+01	-2.82894717E+01	-2.81468735E+01	-2.80684098E+01	-2.78359325E+01	-2.77570121E+01	-2.76518091E+01	
-6.80000000E+01	-2.93966506E+01	-2.81853396E+01	-2.87592869E+01	-2.85732016E+01	-2.84233384E+01	-2.83384717E+01	-2.80954032E+01	-2.80130799E+01	-2.79035502E+01	
-6.70000000E+01	-3.00386774E+01	-2.87535748E+01	-2.93686271E+01	-2.91679934E+01	-2.90084997E+01	-2.89153841E+01	-2.86588454E+01	-2.85719360E+01	-2.84568753E+01	
-6.60000000E+01	-3.10124624E+01	-2.96380745E+01	-3.03045564E+01	-3.00863343E+01	-2.99144665E+01	-2.98107904E+01	-2.95373935E+01	-2.94436546E+01	-2.93217481E+01	
-6.50000000E+01	-3.23501001E+01	-3.08730843E+01	-3.16030560E+01	-3.13645164E+01	-3.11771131E+01	-3.10596932E+01	-3.07631089E+01	-3.06622963E+01	-3.05306707E+01	
-6.40000000E+01	-3.41084612E+01	-3.25270934E+01	-3.33336434E+01	-3.30732087E+01	-3.28666726E+01	-3.27316984E+01	-3.24055910E+01	-3.22944435E+01	-3.21500828E+01	
-6.30000000E+01	-3.63680560E+01	-3.47282629E+01	-3.56195358E+01	-3.53426193E+01	-3.51150135E+01	-3.49570408E+01	-3.45897832E+01	-3.44643379E+01	-3.43018643E+01	
-6.20000000E+01	-3.91751681E+01	-3.77287303E+01	-3.86687161E+01	-3.84152140E+01	-3.81757765E+01	-3.79903491E+01	-3.75640291E+01	-3.74175397E+01	-3.72281618E+01	
-6.10000000E+01	-4.21395147E+01	-4.20676654E+01	-4.26982699E+01	-4.27020653E+01	-4.25470751E+01	-4.23646188E+01	-4.18603228E+01	-4.16882399E+01	-4.14571755E+01	
-6.00000000E+01	-4.33635190E+01	-4.84116274E+01	-4.62643068E+01	-4.75345442E+01	-4.82028124E+01	-4.84979486E+01	-4.82340615E+01	-4.81444643E+01	-4.79472124E+01	
-5.90000000E+01	-4.18521665E+01	-4.80827512E+01	-4.45623554E+01	-4.59212981E+01	-4.68929298E+01	-4.76626986E+01	-4.82997851E+01	-4.85893918E+01	-4.88826306E+01	
-5.80000000E+01	-3.97699544E+01	-4.29484326E+01	-4.13394168E+01	-4.19994601E+01	-4.24364736E+01	-4.28001573E+01	-4.30518442E+01	-4.31649648E+01	-4.32844319E+01	
-5.70000000E+01	-3.81393607E+01	-3.98530129E+01	-3.90613803E+01	-3.94011280E+01	-3.96210461E+01	-3.98215903E+01	-3.98917969E+01	-3.99311353E+01	-3.99660002E+01	
-5.60000000E+01	-3.70168772E+01	-3.80004549E+01	-3.75970957E+01	-3.77768437E+01	-3.78978941E+01	-3.80233654E+01	-3.80085773E+01	-3.80123071E+01	-3.80084154E+01	
-5.50000000E+01	-3.62961061E+01	-3.69023526E+01	-3.67035761E+01	-3.67936902E+01	-3.68666767E+01	-3.69522474E+01	-3.68937884E+01	-3.68794028E+01	-3.68536720E+01	
-5.40000000E+01	-3.58620600E+01	-3.63157615E+01	-3.62138750E+01	-3.62546620E+01	-3.63105462E+01	-3.63753727E+01	-3.62995522E+01	-3.62750657E+01	-3.62390932E+01	
-5.30000000E+01	-3.55963101E+01	-3.60898556E+01	-3.59935313E+01	-3.60184680E+01	-3.60842594E+01	-3.61429289E+01	-3.60734800E+01	-3.60456970E+01	-3.60072631E+01	
-5.20000000E+01	-3.53665594E+01	-3.60894761E+01	-3.59033051E+01	-3.59475710E+01	-3.60514710E+01	-3.61179940E+01	-3.60797053E+01	-3.60585530E+01	-3.60242555E+01	
-5.10000000E+01	-3.50322974E+01	-3.61479961E+01	-3.57756108E+01	-3.58759196E+01	-3.60460504E+01	-3.61325601E+01	-3.61512117E+01	-3.61415859E+01	-3.61231253E+01	
-5.00000000E+01	-3.44816540E+01	-3.60456021E+01	-3.54321011E+01	-3.56146711E+01	-3.58635869E+01	-3.59771016E+01	-3.60649598E+01	-3.60744272E+01	-3.60720533E+01	
-4.90000000E+01	-3.36802404E+01	-3.55723170E+01	-3.47581062E+01	-3.50192371E+01	-3.53293049E+01	-3.54626609E+01	-3.56005786E+01	-3.56255771E+01	-3.56361600E+01	
-4.80000000E+01	-3.26807283E+01	-3.46574803E+01	-3.37693083E+01	-3.40761232E+01	-3.44044777E+01	-3.45395815E+01	-3.46814691E+01	-3.47106411E+01	-3.47211336E+01	
-4.70000000E+01	-3.15791494E+01	-3.34184441E+01	-3.25851923E+01	-3.28981356E+01	-3.32040494E+01	-3.33232686E+01	-3.34277768E+01	-3.34477241E+01	-3.34477084E+01	
-4.60000000E+01	-3.04650477E+01	-3.20442926E+01	-3.13400783E+01	-3.16318521E+01	-3.18932860E+01	-3.19878817E+01	-3.20350123E+01	-3.20388944E+01	-3.20216142E+01	
-4.50000000E+01	-2.93995270E+01	-3.06818455E+01	-3.01300021E+01	-3.03875883E+01	-3.05984674E+01	-3.06667763E+01	-3.06535826E+01	-3.06421790E+01	-3.06057104E+01	
-4.40000000E+01	-2.84163758E+01	-2.94102012E+01	-2.90076037E+01	-2.92269711E+01	-2.93894967E+01	-2.94332552E+01	-2.93656365E+01	-2.93395027E+01	-2.92861936E+01	
-4.30000000E+01	-2.75304999E+01	-2.82620760E+01	-2.79947250E+01	-2.81766993E+01	-2.82961810E+01	-2.83183292E+01	-2.82036063E+01	-2.81645691E+01	-2.80965855E+01	
-4.20000000E+01	-2.67459137E+01	-2.72449996E+01	-2.70972447E+01	-2.72445456E+01	-2.73265410E+01	-2.73297992E+01	-2.71744955E+01	-2.71243330E+01	-2.70441492E+01	
-4.10000000E+01	-2.60608319E+01	-2.63553733E+01	-2.63125713E+01	-2.64283884E+01	-2.64778159E+01	-2.64648443E+01	-2.62746662E+01	-2.62148759E+01	-2.61243523E+01	
-4.00000000E+01	-2.54706793E+01	-2.55854849E+01	-2.56346638E+01	-2.57222879E+01	-2.57438337E+01	-2.57162941E+01	-2.54960090E+01	-2.54279094E+01	-2.53283429E+01	
-3.90000000E+01	-2.49698048E+01	-2.49261571E+01	-2.50565327E+01	-2.51187505E+01	-2.51159794E+01	-2.50756838E+01	-2.48289587E+01	-2.47535645E+01	-2.46456659E+01	
-3.80000000E+01	-2.45523784E+01	-2.43686885E+01	-2.45707170E+01	-2.46103109E+01	-2.45861586E+01	-2.45347406E+01	-2.42647281E+01	-2.41825940E+01	-2.40677521E+01	
-3.70000000E+01	-2.42128270E+01	-2.39048405E+01	-2.41705846E+01	-2.41899435E+01	-2.41470925E+01	-2.40856220E+01	-2.37945056E+01	-2.37068948E+01	-2.35854719E+01	
-3.60000000E+01	-2.39459589E+01	-2.35277087E+01	-2.38499906E+01	-2.38512612E+01	-2.37920082E+01	-2.37216157E+01	-2.34118785E+01	-2.33186829E+01	-2.31914948E+01	
-3.50000000E+01	-2.37470856E+01	-2.32309691E+01	-2.36035291E+01	-2.35888052E+01	-2.35150580E+01	-2.34366319E+01	-2.31102038E+01	-2.30118264E+01	-2.28798062E+01	
-3.40000000E+01	-2.36120724E+01	-2.30092180E+01	-2.34264819E+01	-2.33975121E+01	-2.33109787E+01	-2.32254844E+01	-2.28837028E+01	-2.27809838E+01	-2.26442460E+01	
-3.30000000E+01	-2.35373262E+01	-2.28579139E+01	-2.33148606E+01	-2.32733389E+01	-2.31757281E+01	-2.30838304E+01	-2.27284558E+01	-2.26215252E+01	-2.24804512E+01	
-3.20000000E+01	-2.35196873E+01	-2.27732887E+01	-2.32650469E+01	-2.32126728E+01	-2.31053667E+01	-2.30077774E+01	-2.26397641E+01	-2.25294295E+01	-2.23842322E+01	
-3.10000000E+01	-2.35564478E+01	-2.27520592E+01	-2.32741634E+01	-2.32124383E+01	-2.30969543E+01	-2.29943274E+01	-2.26150241E+01	-2.25013235E+01	-2.23522252E+01	
-3.00000000E+01	-2.36453673E+01	-2.27916011E+01	-2.33398432E+01	-2.32701970E+01	-2.31478755E+01	-2.30407317E+01	-2.26514398E+01	-2.25343901E+01	-2.23821121E+01	
-2.90000000E+01	-2.37846058E+01	-2.28897899E+01	-2.34598821E+01	-2.33839122E+01	-2.32559316E+01	-2.31451773E+01	-2.27467245E+01	-2.26266873E+01	-2.24711215E+01	
-2.80000000E+01	-2.39726779E+01	-2.30450184E+01	-2.36328147E+01	-2.35520599E+01	-2.34197512E+01	-2.33058899E+01	-2.28992592E+01	-2.27766748E+01	-2.26178673E+01	
-2.70000000E+01	-2.42084863E+01	-2.32560856E+01	-2.38576524E+01	-2.37734764E+01	-2.36381460E+01	-2.35217510E+01	-2.31077656E+01	-2.29826979E+01	-2.28211385E+01	
-2.60000000E+01	-2.44913410E+01	-2.35223065E+01	-2.41334834E+01	-2.40474836E+01	-2.39105394E+01	-2.37921160E+01	-2.33715701E+01	-2.32441486E+01	-2.30802386E+01	
-2.50000000E+01	-2.48209160E+01	-2.38436226E+01	-2.44601009E+01	-2.43739054E+01	-2.42365595E+01	-2.41168216E+01	-2.36907321E+01	-2.35612176E+01	-2.33944687E+01	
-2.40000000E+01	-2.51972597E+01	-2.42201460E+01	-2.48377002E+01	-2.47529703E+01	-2.46166479E+01	-2.44962893E+01	-2.40651612E+01	-2.39336358E+01	-2.37646775E+01	
-2.30000000E+01	-2.56208440E+01	-2.46528252E+01	-2.52666731E+01	-2.51854166E+01	-2.50515827E+01	-2.49311679E+01	-2.44958336E+01	-2.43624759E+01	-2.41910669E+01	
-2.20000000E+01	-2.60925986E+01	-2.51431536E+01	-2.57485402E+01	-2.56725617E+01	-2.55429367E+01	-2.54231396E+01	-2.49843967E+01	-2.48493437E+01	-2.46754290E+01	
-2.10000000E+01	-2.66139595E+01	-2.56932903E+01	-2.62847961E+01	-2.62163447E+01	-2.60926675E+01	-2.59743139E+01	-2.55328279E+01	-2.53958312E+01	-2.52195466E+01	
-2.00000000E+01	-2.71869334E+01	-2.63063440E+01	-2.68779527E+01	-2.68194908E+01	-2.67039714E+01	-2.65877914E+01	-2.61440785E+01	-2.60053427E+01	-2.58265434E+01	
-1.90000000E+01	-2.78142383E+01	-2.69863486E+01	-2.75311287E+01	-2.74856281E+01	-2.73805251E+01	-2.72676464E+01	-2.68220006E+01	-2.66819738E+01	-2.65002920E+01	
-1.80000000E+01	-2.84993221E+01	-2.77387863E+01	-2.82487091E+01	-2.82195195E+01	-2.81276818E+01	-2.80192242E+01	-2.75724251E+01	-2.74307008E+01	-2.72459896E+01	
-1.70000000E+01	-2.92467269E+01	-2.85706835E+01	-2.90360294E+01	-2.90272997E+01	-2.89522575E+01	-2.88495759E+01	-2.84023798E+01	-2.82584377E+01	-2.80703747E+01	
-1.60000000E+01	-3.00621135E+01	-2.94913096E+01	-2.99001941E+01	-2.99170588E+01	-2.98631618E+01	-2.97679611E+01	-2.93205454E+01	-2.91746675E+01	-2.89828023E+01	
-1.50000000E+01	-3.09527330E+01	-3.05130293E+01	-3.08499700E+01	-3.08991458E+01	-3.08718018E+01	-3.07866028E+01	-3.03393719E+01	-3.01910433E+01	-2.99942187E+01	
-1.40000000E+01	-3.19278353E+01	-3.16520712E+01	-3.18973545E+01	-3.19871904E+01	-3.19939463E+01	-3.19217478E+01	-3.14750467E+01	-3.13233076E+01	-3.11206373E+01	
-1.30000000E+01	-3.29992209E+01	-3.29304720E+01	-3.30569104E+01	-3.31992516E+01	-3.32502874E+01	-3.31954512E+01	-3.27485090E+01	-3.25929996E+01	-3.23822049E+01	
-1.20000000E+01	-3.41820155E+01	-3.43784950E+01	-3.43485280E+01	-3.45592197E+01	-3.46689058E+01	-3.46379512E+01	-3.41901728E+01	-3.40285623E+01	-3.38067647E+01	
-1.10000000E+01	-3.54956062E+01	-3.60372753E+01	-3.57968812E+01	-3.60987692E+01	-3.62882956E+01	-3.62910915E+01	-3.58393776E+01	-3.56689583E+01	-3.54315212E+01	
-1.00000000E+01	-3.69644726E+01	-3.79618587E+01	-3.74326031E+01	-3.78585230E+01	-3.81596180E+01	-3.82119795E+01	-3.77475652E+01	-3.75639938E+01	-3.73025030E+01	
-9.00000000E+00	-3.86176628E+01	-4.02142203E+01	-3.92874338E+01	-3.98831020E+01	-4.03420743E+01	-4.04698563E+01	-3.99723816E+01	-3.97651407E+01	-3.94644589E+01	
-8.00000000E+00	-4.04829608E+01	-4.28001806E+01	-4.13710385E+01	-4.21865882E+01	-4.28555543E+01	-4.30951582E+01	-4.25081872E+01	-4.22581508E+01	-4.18942271E+01	
-7.00000000E+00	-4.25599477E+01	-4.53503932E+01	-4.35818285E+01	-4.45978144E+01	-4.54350570E+01	-4.57854458E+01	-4.49770586E+01	-4.46646106E+01	-4.42209638E+01	
-6.00000000E+00	-4.47245762E+01	-4.64445882E+01	-4.54590337E+01	-4.63339827E+01	-4.68898667E+01	-4.71231105E+01	-4.60384802E+01	-4.57019882E+01	-4.52572275E+01	
-5.00000000E+00	-4.64949009E+01	-4.51623280E+01	-4.60730709E+01	-4.62019986E+01	-4.60032448E+01	-4.59027417E+01	-4.48329668E+01	-4.45589622E+01	-4.42284826E+01	
-4.00000000E+00	-4.70082664E+01	-4.29944249E+01	-4.51432232E+01	-4.45863776E+01	-4.39399875E+01	-4.36593381E+01	-4.27372711E+01	-4.25217080E+01	-4.22809360E+01	
-3.00000000E+00	-4.60962355E+01	-4.09843187E+01	-4.35361339E+01	-4.26934959E+01	-4.19178395E+01	-4.15793887E+01	-4.07644479E+01	-4.05796004E+01	-4.03811099E+01	
-2.00000000E+00	-4.45762870E+01	-3.93084358E+01	-4.19283352E+01	-4.10068801E+01	-4.02130952E+01	-3.98580966E+01	-3.91063885E+01	-3.89362938E+01	-3.87563472E+01	
-1.00000000E+00	-4.30596635E+01	-3.79221099E+01	-4.05203567E+01	-3.95883403E+01	-3.88043752E+01	-3.84440239E+01	-3.77286052E+01	-3.75654525E+01	-3.73933151E+01	
0.00000000E+00	-4.17333717E+01	-3.67581519E+01	-3.93249639E+01	-3.83989789E+01	-3.76275732E+01	-3.72639120E+01	-3.65683614E+01	-3.64080485E+01	-3.62387341E+01	
1.00000000E+00	-4.06130052E+01	-3.57604283E+01	-3.83095614E+01	-3.73891289E+01	-3.66258177E+01	-3.62579081E+01	-3.55716987E+01	-3.54118542E+01	-3.52424995E+01	
2.00000000E+00	-3.96702651E+01	-3.48859215E+01	-3.74366418E+01	-3.65158746E+01	-3.57545740E+01	-3.53806720E+01	-3.46962943E+01	-3.45355166E+01	-3.43646520E+01	
3.00000000E+00	-3.88707047E+01	-3.41014625E+01	-3.66729009E+01	-3.57447328E+01	-3.49794818E+01	-3.45977567E+01	-3.39100273E+01	-3.37472370E+01	-3.35738236E+01	
4.00000000E+00	-3.81829148E+01	-3.33815023E+01	-3.59902347E+01	-3.50479541E+01	-3.42736084E+01	-3.38823963E+01	-3.31873544E+01	-3.30218356E+01	-3.28453040E+01	
5.00000000E+00	-3.75796134E+01	-3.27058394E+01	-3.53650870E+01	-3.44030576E+01	-3.36155033E+01	-3.32136204E+01	-3.25084496E+01	-3.23398330E+01	-3.21596896E+01	
6.00000000E+00	-3.70370593E+01	-3.20588267E+01	-3.47777141E+01	-3.37917947E+01	-3.29881327E+01	-3.25749706E+01	-3.18578219E+01	-3.16858041E+01	-3.15019316E+01	
7.00000000E+00	-3.65342971E+01	-3.14285158E+01	-3.42116661E+01	-3.31995552E+01	-3.23782715E+01	-3.19538032E+01	-3.12239552E+01	-3.10484558E+01	-3.08607315E+01	
8.00000000E+00	-3.60528920E+01	-3.08063413E+01	-3.36535952E+01	-3.26149417E+01	-3.17759153E+01	-3.13407795E+01	-3.05983269E+01	-3.04194821E+01	-3.02280970E+01	
9.00000000E+00	-3.55766951E+01	-3.01865997E+01	-3.30933263E+01	-3.20298438E+01	-3.11743007E+01	-3.07296618E+01	-2.99753850E+01	-2.97936141E+01	-2.95986666E+01	
1.00000000E+01	-3.50923367E+01	-2.95662911E+01	-3.25239239E+01	-3.14390464E+01	-3.05693139E+01	-3.01169060E+01	-2.93525119E+01	-2.91677666E+01	-2.89701105E+01	
1.10000000E+01	-3.45896202E+01	-2.89445642E+01	-3.19414456E+01	-3.08400690E+01	-2.99594190E+01	-2.95012540E+01	-2.87286404E+01	-2.85417308E+01	-2.83416094E+01	
1.20000000E+01	-3.40618273E+01	-2.83223301E+01	-3.13448559E+01	-3.02328170E+01	-2.93450465E+01	-2.88832926E+01	-2.81050365E+01	-2.79164476E+01	-2.77143437E+01	
1.30000000E+01	-3.35060970E+01	-2.77016475E+01	-3.07355023E+01	-2.96190066E+01	-2.87281600E+01	-2.82650738E+01	-2.74835331E+01	-2.72937364E+01	-2.70905752E+01	
1.40000000E+01	-3.29229682E+01	-2.70855837E+01	-3.01165219E+01	-2.90017313E+01	-2.81117858E+01	-2.76495849E+01	-2.68673992E+01	-2.66769763E+01	-2.64730649E+01	
1.50000000E+01	-3.23159779E+01	-2.64774107E+01	-2.94923857E+01	-2.83849612E+01	-2.74996394E+01	-2.70402062E+01	-2.62597785E+01	-2.60696177E+01	-2.58652940E+01	
1.60000000E+01	-3.16907629E+01	-2.58806871E+01	-2.88679936E+01	-2.77729573E+01	-2.68954925E+01	-2.64406944E+01	-2.56641839E+01	-2.54746765E+01	-2.52704901E+01	
1.70000000E+01	-3.10541932E+01	-2.52988259E+01	-2.82485334E+01	-2.71700706E+01	-2.63033963E+01	-2.58546136E+01	-2.50839542E+01	-2.48957434E+01	-2.46920324E+01	
1.80000000E+01	-3.04135640E+01	-2.47351488E+01	-2.76390322E+01	-2.65805005E+01	-2.57269135E+01	-2.52853972E+01	-2.45223499E+01	-2.43357952E+01	-2.41330876E+01	
1.90000000E+01	-2.97759672E+01	-2.41925943E+01	-2.70440787E+01	-2.60080695E+01	-2.51694515E+01	-2.47362117E+01	-2.39822654E+01	-2.37974305E+01	-2.35964306E+01	
2.00000000E+01	-2.91480103E+01	-2.36738782E+01	-2.64677657E+01	-2.54561831E+01	-2.46340075E+01	-2.42099225E+01	-2.34664216E+01	-2.32834061E+01	-2.30847562E+01	
2.10000000E+01	-2.85354482E+01	-2.31814060E+01	-2.59137611E+01	-2.49279672E+01	-2.41233692E+01	-2.37090462E+01	-2.29770536E+01	-2.27962836E+01	-2.26000660E+01	
2.20000000E+01	-2.79432954E+01	-2.27173758E+01	-2.53851707E+01	-2.44260618E+01	-2.36399595E+01	-2.32359081E+01	-2.25164959E+01	-2.23388582E+01	-2.21446930E+01	
2.30000000E+01	-2.73758240E+01	-2.22837691E+01	-2.48847436E+01	-2.39528569E+01	-2.31859299E+01	-2.27925406E+01	-2.20864787E+01	-2.19117412E+01	-2.17205473E+01	
2.40000000E+01	-2.68365567E+01	-2.18823671E+01	-2.44148540E+01	-2.35105216E+01	-2.27631996E+01	-2.23808721E+01	-2.16890445E+01	-2.15173459E+01	-2.13293177E+01	
2.50000000E+01	-2.63285546E+01	-2.15149238E+01	-2.39776870E+01	-2.31009575E+01	-2.23736559E+01	-2.20026493E+01	-2.13258351E+01	-2.11575021E+01	-2.09727717E+01	
2.60000000E+01	-2.58544777E+01	-2.11831136E+01	-2.35751660E+01	-2.27260323E+01	-2.20190449E+01	-2.16595923E+01	-2.09983132E+01	-2.08338866E+01	-2.06524737E+01	
2.70000000E+01	-2.54166923E+01	-2.08885285E+01	-2.32091398E+01	-2.23874907E+01	-2.17009469E+01	-2.13533512E+01	-2.07083763E+01	-2.05480046E+01	-2.03701607E+01	
2.80000000E+01	-2.50173137E+01	-2.06329939E+01	-2.28814351E+01	-2.20870417E+01	-2.14212804E+01	-2.10856613E+01	-2.04575049E+01	-2.03008397E+01	-2.01272089E+01	
2.90000000E+01	-2.46583825E+01	-2.04180561E+01	-2.25938282E+01	-2.18265145E+01	-2.11815181E+01	-2.08582233E+01	-2.02476758E+01	-2.00950670E+01	-1.99258314E+01	
3.00000000E+01	-2.43419982E+01	-2.02456994E+01	-2.23482054E+01	-2.16076972E+01	-2.09837647E+01	-2.06728529E+01	-2.00805086E+01	-1.99326824E+01	-1.97676790E+01	
3.10000000E+01	-2.40701912E+01	-2.01178544E+01	-2.21464882E+01	-2.14325436E+01	-2.08298092E+01	-2.05315981E+01	-1.99581554E+01	-1.98150746E+01	-1.96548255E+01	
3.20000000E+01	-2.38451265E+01	-2.00366653E+01	-2.19908442E+01	-2.13032114E+01	-2.07218621E+01	-2.04365978E+01	-1.98828854E+01	-1.97443327E+01	-1.95893544E+01	
3.30000000E+01	-2.36690833E+01	-2.00045731E+01	-2.18834126E+01	-2.12219439E+01	-2.06621926E+01	-2.03901775E+01	-1.98566472E+01	-1.97233577E+01	-1.95736993E+01	
3.40000000E+01	-2.35445685E+01	-2.00241217E+01	-2.18267721E+01	-2.11913278E+01	-2.06533132E+01	-2.03949342E+01	-1.98827060E+01	-1.97546186E+01	-1.96105623E+01	
3.50000000E+01	-2.34742322E+01	-2.00982655E+01	-2.18237191E+01	-2.12139870E+01	-2.06981668E+01	-2.04537115E+01	-1.99631797E+01	-1.98405540E+01	-1.97029438E+01	
3.60000000E+01	-2.34609452E+01	-2.02301830E+01	-2.18770764E+01	-2.12931527E+01	-2.07998338E+01	-2.05697010E+01	-2.01021368E+01	-1.99858203E+01	-1.98540266E+01	
3.70000000E+01	-2.35078640E+01	-2.04235768E+01	-2.19903230E+01	-2.14320920E+01	-2.09616603E+01	-2.07464869E+01	-2.03029032E+01	-2.01929747E+01	-2.00679661E+01	
3.80000000E+01	-2.36182821E+01	-2.06823450E+01	-2.21669180E+01	-2.16345141E+01	-2.11876653E+01	-2.09879103E+01	-2.05692725E+01	-2.04664332E+01	-2.03485504E+01	
3.90000000E+01	-2.37957184E+01	-2.10110843E+01	-2.24109356E+01	-2.19044001E+01	-2.14818872E+01	-2.12983558E+01	-2.09063223E+01	-2.08103243E+01	-2.07007751E+01	
4.00000000E+01	-2.40436906E+01	-2.14145081E+01	-2.27263795E+01	-2.22461401E+01	-2.18490039E+01	-2.16825428E+01	-2.13185627E+01	-2.12299995E+01	-2.11293388E+01	
4.10000000E+01	-2.43656100E+01	-2.18982362E+01	-2.31173934E+01	-2.26642080E+01	-2.22937051E+01	-2.21455308E+01	-2.18117592E+01	-2.17316768E+01	-2.16402600E+01	
4.20000000E+01	-2.47643410E+01	-2.24676257E+01	-2.35881800E+01	-2.31630941E+01	-2.28210890E+01	-2.26926619E+01	-2.23914914E+01	-2.23205653E+01	-2.22398210E+01	
4.30000000E+01	-2.52415702E+01	-2.31282497E+01	-2.41421951E+01	-2.37467773E+01	-2.34356703E+01	-2.33289608E+01	-2.30636071E+01	-2.30037535E+01	-2.29343171E+01	
4.40000000E+01	-2.57968376E+01	-2.38851098E+01	-2.47814031E+01	-2.44180454E+01	-2.41412189E+01	-2.40586773E+01	-2.38330124E+01	-2.37850686E+01	-2.37287115E+01	
4.50000000E+01	-2.64257544E+01	-2.47406379E+01	-2.55047625E+01	-2.51769856E+01	-2.49390799E+01	-2.48839201E+01	-2.47030372E+01	-2.46696482E+01	-2.46282985E+01	
4.60000000E+01	-2.71173206E+01	-2.56936557E+01	-2.63058486E+01	-2.60185417E+01	-2.58255062E+01	-2.58019592E+01	-2.56724454E+01	-2.56547906E+01	-2.56314959E+01	
4.70000000E+01	-2.78505211E+01	-2.67330211E+01	-2.71681019E+01	-2.69282023E+01	-2.67878333E+01	-2.68012949E+01	-2.67307934E+01	-2.67325265E+01	-2.67295920E+01	
4.80000000E+01	-2.85901613E+01	-2.78318191E+01	-2.80604920E+01	-2.78765007E+01	-2.77978951E+01	-2.78542571E+01	-2.78518346E+01	-2.78763790E+01	-2.78969542E+01	
4.90000000E+01	-2.92852965E+01	-2.89366423E+01	-2.89312144E+01	-2.88122619E+01	-2.88039966E+01	-2.89083921E+01	-2.89803355E+01	-2.90291072E+01	-2.90785420E+01	
5.00000000E+01	-2.98739204E+01	-2.99593082E+01	-2.97082299E+01	-2.96607553E+01	-2.97268108E+01	-2.98806013E+01	-3.00278293E+01	-3.01009529E+01	-3.01781852E+01	
5.10000000E+01	-3.02994788E+01	-3.07869296E+01	-3.03128859E+01	-3.03360264E+01	-3.04698906E+01	-3.06667057E+01	-3.08757187E+01	-3.09686445E+01	-3.10679556E+01	
5.20000000E+01	-3.05343383E+01	-3.13246497E+01	-3.06912154E+01	-3.07738882E+01	-3.09563522E+01	-3.11811943E+01	-3.14243510E+01	-3.15276046E+01	-3.16379673E+01	
5.30000000E+01	-3.05947129E+01	-3.15538554E+01	-3.08443811E+01	-3.09680730E+01	-3.11734557E+01	-3.14077343E+01	-3.16543567E+01	-3.17555475E+01	-3.18649180E+01	
5.40000000E+01	-3.05325205E+01	-3.15457390E+01	-3.08285022E+01	-3.09755945E+01	-3.11822583E+01	-3.14116441E+01	-3.16409658E+01	-3.17327860E+01	-3.18332782E+01	
5.50000000E+01	-3.04112818E+01	-3.14137469E+01	-3.07241989E+01	-3.08835053E+01	-3.10788096E+01	-3.12972994E+01	-3.15012770E+01	-3.15810714E+01	-3.16722396E+01	
5.60000000E+01	-3.02833011E+01	-3.12534058E+01	-3.06028868E+01	-3.07697197E+01	-3.09491389E+01	-3.11553836E+01	-3.13330489E+01	-3.14033728E+01	-3.14846925E+01	
5.70000000E+01	-3.01765478E+01	-3.11136624E+01	-3.05066428E+01	-3.06803215E+01	-3.08418093E+01	-3.10352344E+01	-3.11847415E+01	-3.12459076E+01	-3.13170433E+01	
5.80000000E+01	-3.00897171E+01	-3.09924453E+01	-3.04421780E+01	-3.06225484E+01	-3.07624138E+01	-3.09391255E+01	-3.10521768E+01	-3.11024588E+01	-3.11617262E+01	
5.90000000E+01	-2.99911395E+01	-3.08405275E+01	-3.03794770E+01	-3.05637318E+01	-3.06727845E+01	-3.08237465E+01	-3.08824823E+01	-3.09172855E+01	-3.09587902E+01	
6.00000000E+01	-2.98223635E+01	-3.05738602E+01	-3.02550919E+01	-3.04352118E+01	-3.04988982E+01	-3.06093091E+01	-3.05890218E+01	-3.06023187E+01	-3.06175782E+01	
6.10000000E+01	-2.95131694E+01	-3.01053003E+01	-2.99868522E+01	-3.01489948E+01	-3.01513712E+01	-3.02060136E+01	-3.00867375E+01	-3.00726863E+01	-3.00552439E+01	
6.20000000E+01	-2.90104406E+01	-2.93920702E+01	-2.95066446E+01	-2.96358461E+01	-2.95682544E+01	-2.95596303E+01	-2.93386843E+01	-2.92972032E+01	-2.92458945E+01	
6.30000000E+01	-2.83075447E+01	-2.84640771E+01	-2.87991911E+01	-2.88860552E+01	-2.87531998E+01	-2.86864381E+01	-2.83819384E+01	-2.83176597E+01	-2.82387783E+01	
6.40000000E+01	-2.74501586E+01	-2.74055761E+01	-2.79128728E+01	-2.79570807E+01	-2.77746667E+01	-2.76640998E+01	-2.73042269E+01	-2.72246800E+01	-2.71269309E+01	
6.50000000E+01	-2.65132878E+01	-2.63119293E+01	-2.69326058E+01	-2.69407846E+01	-2.67271190E+01	-2.65889540E+01	-2.62002317E+01	-2.61121038E+01	-2.60040566E+01	
6.60000000E+01	-2.55720861E+01	-2.52588503E+01	-2.59432155E+01	-2.59242892E+01	-2.56946112E+01	-2.55418614E+01	-2.51430079E+01	-2.50513943E+01	-2.49389372E+01	
6.70000000E+01	-2.46854000E+01	-2.42960549E+01	-2.50092218E+01	-2.49712680E+01	-2.47359941E+01	-2.45773216E+01	-2.41802671E+01	-2.40878285E+01	-2.39745864E+01	
6.80000000E+01	-2.38930920E+01	-2.34519417E+01	-2.41724121E+01	-2.41215614E+01	-2.38870913E+01	-2.37276435E+01	-2.33380764E+01	-2.32468322E+01	-2.31348426E+01	
6.90000000E+01	-2.32201376E+01	-2.27414553E+01	-2.34573499E+01	-2.33976673E+01	-2.31673619E+01	-2.30098446E+01	-2.26306264E+01	-2.25409823E+01	-2.24313612E+01	
7.00000000E+01	-2.26817844E+01	-2.21715363E+01	-2.28773254E+01	-2.28111608E+01	-2.25867882E+01	-2.24323211E+01	-2.20640189E+01	-2.19763233E+01	-2.18692104E+01	
7.10000000E+01	-2.22875194E+01	-2.17447510E+01	-2.24390674E+01	-2.23674136E+01	-2.21495805E+01	-2.19982392E+01	-2.16404942E+01	-2.15545524E+01	-2.14497487E+01	
7.20000000E+01	-2.20437973E+01	-2.14610420E+01	-2.21454696E+01	-2.20680609E+01	-2.18566613E+01	-2.17079428E+01	-2.13594653E+01	-2.12752323E+01	-2.11722731E+01	
7.30000000E+01	-2.19554312E+01	-2.13182988E+01	-2.19965606E+01	-2.19119890E+01	-2.17066197E+01	-2.15594427E+01	-2.12191071E+01	-2.11356838E+01	-2.10343274E+01	
7.40000000E+01	-2.20258869E+01	-2.13117768E+01	-2.19894790E+01	-2.18950074E+01	-2.16949239E+01	-2.15478832E+01	-2.12142751E+01	-2.11309285E+01	-2.10307454E+01	
7.50000000E+01	-2.22564889E+01	-2.14321669E+01	-2.21168025E+01	-2.20080348E+01	-2.18123344E+01	-2.16637786E+01	-2.13356311E+01	-2.12521934E+01	-2.11523124E+01	
7.60000000E+01	-2.26434374E+01	-2.16624529E+01	-2.23632287E+01	-2.22339276E+01	-2.20415005E+01	-2.18894370E+01	-2.15665923E+01	-2.14821182E+01	-2.13820181E+01	
7.70000000E+01	-2.31717285E+01	-2.19725075E+01	-2.26999982E+01	-2.25417923E+01	-2.23513793E+01	-2.21938733E+01	-2.18771476E+01	-2.17912592E+01	-2.16910734E+01	
7.80000000E+01	-2.38033519E+01	-2.23132442E+01	-2.30776419E+01	-2.28807223E+01	-2.26909439E+01	-2.25266668E+01	-2.22187853E+01	-2.21318967E+01	-2.20314947E+01	
7.90000000E+01	-2.44589916E+01	-2.26131580E+01	-2.34202209E+01	-2.31760360E+01	-2.29857396E+01	-2.28148175E+01	-2.25206839E+01	-2.24338264E+01	-2.23345063E+01	
8.00000000E+01	-2.50023266E+01	-2.27858309E+01	-2.36318567E+01	-2.33378450E+01	-2.31462583E+01	-2.29713823E+01	-2.26975528E+01	-2.26132527E+01	-2.25171037E+01	
8.10000000E+01	-2.52595927E+01	-2.27573469E+01	-2.36255804E+01	-2.32899567E+01	-2.30971433E+01	-2.29234177E+01	-2.26755949E+01	-2.25961924E+01	-2.25062801E+01	
8.20000000E+01	-2.51097381E+01	-2.25021854E+01	-2.33682095E+01	-2.30089089E+01	-2.28155234E+01	-2.26488133E+01	-2.24282391E+01	-2.23561770E+01	-2.22744964E+01	
8.30000000E+01	-2.45814114E+01	-2.20591415E+01	-2.29014970E+01	-2.25385705E+01	-2.23453978E+01	-2.21897358E+01	-2.19931154E+01	-2.19288659E+01	-2.18563568E+01	
8.40000000E+01	-2.38298137E+01	-2.15096065E+01	-2.23175328E+01	-2.19654309E+01	-2.17726513E+01	-2.16294138E+01	-2.14504770E+01	-2.13934123E+01	-2.13290204E+01	
8.50000000E+01	-2.30267958E+01	-2.09412780E+01	-2.17143475E+01	-2.13797764E+01	-2.11870071E+01	-2.10552010E+01	-2.08872409E+01	-2.08356437E+01	-2.07776840E+01	
8.60000000E+01	-2.22940783E+01	-2.04246193E+01	-2.11690206E+01	-2.08527907E+01	-2.06592334E+01	-2.05367672E+01	-2.03740073E+01	-2.03264511E+01	-2.02731558E+01	
8.70000000E+01	-2.17007730E+01	-2.00085702E+01	-2.07334474E+01	-2.04330602E+01	-2.02373927E+01	-2.01220080E+01	-1.99599186E+01	-1.99148052E+01	-1.98643818E+01	
8.80000000E+01	-2.12826637E+01	-1.97250918E+01	-2.04405809E+01	-2.01520242E+01	-1.99527537E+01	-1.98421802E+01	-1.96771256E+01	-1.96331149E+01	-1.95841531E+01	
8.90000000E+01	-2.10592632E+01	-1.95956083E+01	-2.03124540E+01	-2.00310078E+01	-1.98262998E+01	-1.97183954E+01	-1.95472896E+01	-1.95032069E+01	-1.94545346E+01	
9.00000000E+01	-2.10445468E+01	-1.96368123E+01	-2.03663648E+01	-2.00869490E+01	-1.98745245E+01	-1.97673236E+01	-1.95870086E+01	-1.95417975E+01	-1.94921847E+01	
9.10000000E+01	-2.12535590E+01	-1.98644198E+01	-2.06196722E+01	-2.03366670E+01	-2.01136182E+01	-2.00050972E+01	-1.98121253E+01	-1.97646600E+01	-1.97127047E+01	
9.20000000E+01	-2.17071100E+01	-2.02968238E+01	-2.10936172E+01	-2.08003915E+01	-2.05628855E+01	-2.04507237E+01	-2.02405461E+01	-2.01895643E+01	-2.01338163E+01	
9.30000000E+01	-2.24367879E+01	-2.09578587E+01	-2.18173496E+01	-2.15055601E+01	-2.12480913E+01	-2.11294521E+01	-2.08957191E+01	-2.08393697E+01	-2.07780289E+01	
9.40000000E+01	-2.34920762E+01	-2.18806800E+01	-2.28334236E+01	-2.24913502E+01	-2.22057522E+01	-2.20767651E+01	-2.18100290E+01	-2.17457945E+01	-2.16758691E+01	
9.50000000E+01	-2.49527109E+01	-2.31121545E+01	-2.42059755E+01	-2.38159306E+01	-2.34889776E+01	-2.33436890E+01	-2.30286203E+01	-2.29524339E+01	-2.28695433E+01	
9.60000000E+01	-2.69506178E+01	-2.47169270E+01	-2.60327972E+01	-2.55655761E+01	-2.51744914E+01	-2.50032299E+01	-2.46129970E+01	-2.45180234E+01	-2.44145452E+01	
9.70000000E+01	-2.96999832E+01	-2.67707716E+01	-2.84531932E+01	-2.78583199E+01	-2.73617201E+01	-2.71475292E+01	-2.66327812E+01	-2.65073731E+01	-2.63693537E+01	
9.80000000E+01	-3.33854195E+01	-2.92787805E+01	-3.15467427E+01	-3.07578862E+01	-3.00893747E+01	-2.98064864E+01	-2.90832980E+01	-2.89086865E+01	-2.87134004E+01	
9.90000000E+01	-3.62765784E+01	-3.17197578E+01	-3.43786053E+01	-3.35563937E+01	-3.27509880E+01	-3.24131144E+01	-3.14580243E+01	-3.12317046E+01	-3.09685344E+01	
1.00000000E+02	-3.39032237E+01	-3.22703189E+01	-3.37174791E+01	-3.35000939E+01	-3.30260308E+01	-3.28144163E+01	-3.20493797E+01	-3.18641425E+01	-3.16279187E+01	
1.01000000E+02	-3.03347657E+01	-3.04609006E+01	-3.07883065E+01	-3.09013212E+01	-3.07624531E+01	-3.06997683E+01	-3.03543881E+01	-3.02702276E+01	-3.01450985E+01	
1.02000000E+02	-2.76918782E+01	-2.82228073E+01	-2.82272754E+01	-2.83821052E+01	-2.83387153E+01	-2.83241947E+01	-2.81765011E+01	-2.81455926E+01	-2.80869132E+01	
1.03000000E+02	-2.58275117E+01	-2.63957936E+01	-2.63479149E+01	-2.64847057E+01	-2.64561738E+01	-2.64515872E+01	-2.63727410E+01	-2.63613734E+01	-2.63305014E+01	
1.04000000E+02	-2.45225848E+01	-2.50472610E+01	-2.50179793E+01	-2.51296598E+01	-2.50948767E+01	-2.50895198E+01	-2.50325586E+01	-2.50281718E+01	-2.50090555E+01	
1.05000000E+02	-2.36423471E+01	-2.41108644E+01	-2.41181691E+01	-2.42067938E+01	-2.41601389E+01	-2.41514056E+01	-2.40993687E+01	-2.40965198E+01	-2.40825194E+01	
1.06000000E+02	-2.31082290E+01	-2.35240139E+01	-2.35716748E+01	-2.36403804E+01	-2.35802416E+01	-2.35674706E+01	-2.35131547E+01	-2.35100731E+01	-2.34979298E+01	
1.07000000E+02	-2.28752630E+01	-2.32444793E+01	-2.33328793E+01	-2.33840207E+01	-2.33097232E+01	-2.32928432E+01	-2.32331204E+01	-2.32287000E+01	-2.32169924E+01	
1.08000000E+02	-2.29204511E+01	-2.32477058E+01	-2.33776897E+01	-2.34125744E+01	-2.33232154E+01	-2.33024179E+01	-2.32351070E+01	-2.32291347E+01	-2.32167753E+01	
1.09000000E+02	-2.32371131E+01	-2.35238542E+01	-2.36983874E+01	-2.37170239E+01	-2.36108067E+01	-2.35861130E+01	-2.35095419E+01	-2.35015506E+01	-2.34880288E+01	
1.10000000E+02	-2.38331528E+01	-2.40756751E+01	-2.43013694E+01	-2.43021825E+01	-2.41758552E+01	-2.41471314E+01	-2.40591965E+01	-2.40482060E+01	-2.40327353E+01	
1.11000000E+02	-2.47318276E+01	-2.49169731E+01	-2.52072780E+01	-2.51859195E+01	-2.50337137E+01	-2.50003692E+01	-2.48971740E+01	-2.48823258E+01	-2.48633811E+01	
1.12000000E+02	-2.59743375E+01	-2.60697058E+01	-2.64510710E+01	-2.63981886E+01	-2.62095955E+01	-2.61701646E+01	-2.60444693E+01	-2.60238538E+01	-2.59992219E+01	
1.13000000E+02	-2.76214694E+01	-2.75511749E+01	-2.80762357E+01	-2.79720903E+01	-2.77276349E+01	-2.76785240E+01	-2.75168087E+01	-2.74857393E+01	-2.74511838E+01	
1.14000000E+02	-2.97347676E+01	-2.93229848E+01	-3.00943740E+01	-2.98977839E+01	-2.95627416E+01	-2.94961184E+01	-2.92711573E+01	-2.92224672E+01	-2.91676903E+01	
1.15000000E+02	-3.22336892E+01	-3.11184788E+01	-3.22918216E+01	-3.19331139E+01	-3.14634834E+01	-3.13646935E+01	-3.10360638E+01	-3.09566800E+01	-3.08669035E+01	
1.16000000E+02	-3.42608518E+01	-3.21564445E+01	-3.37070125E+01	-3.31801915E+01	-3.26114336E+01	-3.24723618E+01	-3.20390367E+01	-3.19278286E+01	-3.17986388E+01	
1.17000000E+02	-3.39467362E+01	-3.16595067E+01	-3.30958159E+01	-3.26084151E+01	-3.21169715E+01	-3.19670662E+01	-3.15370594E+01	-3.14239038E+01	-3.12875834E+01	
1.18000000E+02	-3.17984948E+01	-3.01303138E+01	-3.12005893E+01	-3.08643040E+01	-3.05137379E+01	-3.03810974E+01	-3.00268588E+01	-2.99351070E+01	-2.98189507E+01	
1.19000000E+02	-2.95787316E+01	-2.84666423E+01	-2.92711241E+01	-2.90439112E+01	-2.87854704E+01	-2.86708985E+01	-2.83824115E+01	-2.83097478E+01	-2.82153148E+01	
1.20000000E+02	-2.77955108E+01	-2.70451776E+01	-2.76966243E+01	-2.75325828E+01	-2.73231868E+01	-2.72211079E+01	-2.69741709E+01	-2.69141482E+01	-2.68357927E+01	
1.21000000E+02	-2.64475455E+01	-2.59364074E+01	-2.65000293E+01	-2.63731615E+01	-2.61896614E+01	-2.60956790E+01	-2.58740140E+01	-2.58225710E+01	-2.57545831E+01	
1.22000000E+02	-2.54626953E+01	-2.51247984E+01	-2.56352223E+01	-2.55319213E+01	-2.53625049E+01	-2.52740637E+01	-2.50683635E+01	-2.50227529E+01	-2.49620704E+01	
1.23000000E+02	-2.47793573E+01	-2.45815258E+01	-2.50569908E+01	-2.49701501E+01	-2.48087734E+01	-2.47245166E+01	-2.45295385E+01	-2.44880381E+01	-2.44331055E+01	
1.24000000E+02	-2.43541528E+01	-2.42830633E+01	-2.47324454E+01	-2.46585817E+01	-2.45022130E+01	-2.44216724E+01	-2.42346590E+01	-2.41965892E+01	-2.41463428E+01	
1.25000000E+02	-2.41585431E+01	-2.42143019E+01	-2.46407524E+01	-2.45785945E+01	-2.44260021E+01	-2.43492962E+01	-2.41693006E+01	-2.41344352E+01	-2.40886215E+01	
1.26000000E+02	-2.41754496E+01	-2.43695271E+01	-2.47716475E+01	-2.47215942E+01	-2.45728675E+01	-2.45009377E+01	-2.43280368E+01	-2.42967573E+01	-2.42554973E+01	
1.27000000E+02	-2.43970765E+01	-2.47526924E+01	-2.51246817E+01	-2.50887255E+01	-2.49453498E+01	-2.48795558E+01	-2.47156036E+01	-2.46884347E+01	-2.46526854E+01	
1.28000000E+02	-2.48241953E+01	-2.53794931E+01	-2.57097922E+01	-2.56918242E+01	-2.55567676E+01	-2.54997538E+01	-2.53480916E+01	-2.53264252E+01	-2.52976608E+01	
1.29000000E+02	-2.54665742E+01	-2.62808148E+01	-2.65491920E+01	-2.65559232E+01	-2.64348100E+01	-2.63905373E+01	-2.62576152E+01	-2.62436291E+01	-2.62247396E+01	
1.30000000E+02	-2.63448770E+01	-2.75112649E+01	-2.76822452E+01	-2.77248175E+01	-2.76278982E+01	-2.76032289E+01	-2.75003153E+01	-2.74983618E+01	-2.74942656E+01	
1.31000000E+02	-2.74944886E+01	-2.91650539E+01	-2.91725067E+01	-2.92701346E+01	-2.92176388E+01	-2.92245038E+01	-2.91745978E+01	-2.91925281E+01	-2.92123079E+01	
1.32000000E+02	-2.89724264E+01	-3.14091836E+01	-3.11175279E+01	-3.13052348E+01	-3.13414248E+01	-3.14027803E+01	-3.14569622E+01	-3.15110462E+01	-3.15754677E+01	
1.33000000E+02	-3.08672046E+01	-3.45382815E+01	-3.36364779E+01	-3.39767948E+01	-3.42119161E+01	-3.43754993E+01	-3.46691202E+01	-3.48037145E+01	-3.49659008E+01	
1.34000000E+02	-3.33007552E+01	-3.87864371E+01	-3.66346128E+01	-3.71789525E+01	-3.78769724E+01	-3.82037952E+01	-3.91186315E+01	-3.94463207E+01	-3.98533125E+01	
1.35000000E+02	-3.63146729E+01	-4.06983231E+01	-3.84753818E+01	-3.88198161E+01	-3.98048156E+01	-3.99280755E+01	-4.09804019E+01	-4.12074383E+01	-4.14527189E+01	
1.36000000E+02	-3.89655859E+01	-3.66296544E+01	-3.67241168E+01	-3.64884949E+01	-3.67844643E+01	-3.65231864E+01	-3.65725795E+01	-3.64906138E+01	-3.63750179E+01	
1.37000000E+02	-3.83213829E+01	-3.28196741E+01	-3.37413923E+01	-3.33276317E+01	-3.32594618E+01	-3.29414840E+01	-3.26980537E+01	-3.25719437E+01	-3.24158524E+01	
1.38000000E+02	-3.54467995E+01	-3.00747538E+01	-3.12127194E+01	-3.07778816E+01	-3.05781303E+01	-3.02665843E+01	-2.99434511E+01	-2.98144656E+01	-2.96587435E+01	
1.39000000E+02	-3.27986537E+01	-2.80351885E+01	-2.92390829E+01	-2.88124823E+01	-2.85554017E+01	-2.82552564E+01	-2.79035081E+01	-2.77772465E+01	-2.76267310E+01	
1.40000000E+02	-3.07322984E+01	-2.64649401E+01	-2.76941186E+01	-2.72784523E+01	-2.69905962E+01	-2.66993321E+01	-2.63347745E+01	-2.62112686E+01	-2.60653354E+01	
1.41000000E+02	-2.91338895E+01	-2.52278232E+01	-2.64707484E+01	-2.60638001E+01	-2.57562113E+01	-2.54711438E+01	-2.50989873E+01	-2.49777692E+01	-2.48353933E+01	
1.42000000E+02	-2.78845282E+01	-2.42410145E+01	-2.54950688E+01	-2.50940170E+01	-2.47718677E+01	-2.44907111E+01	-2.41130055E+01	-2.39936678E+01	-2.38537410E+01	
1.43000000E+02	-2.69007451E+01	-2.34507979E+01	-2.47164026E+01	-2.43186567E+01	-2.39846239E+01	-2.37057520E+01	-2.33235360E+01	-2.32052231E+01	-2.30669397E+01	
1.44000000E+02	-2.61255328E+01	-2.28205729E+01	-2.40988461E+01	-2.37024239E+01	-2.33579794E+01	-2.30799956E+01	-2.26937339E+01	-2.25760601E+01	-2.24391175E+01	
1.45000000E+02	-2.55191883E+01	-2.23241998E+01	-2.36164775E+01	-2.32197393E+01	-2.28656773E+01	-2.25876978E+01	-2.21974816E+01	-2.20801933E+01	-2.19441414E+01	
1.46000000E+02	-2.50531342E+01	-2.19423190E+01	-2.32498192E+01	-2.28515217E+01	-2.24883101E+01	-2.22095783E+01	-2.18155183E+01	-2.16984021E+01	-2.15628762E+01	
1.47000000E+02	-2.47062062E+01	-2.16601445E+01	-2.29839633E+01	-2.25830558E+01	-2.22109900E+01	-2.19311006E+01	-2.15331726E+01	-2.14159923E+01	-2.12808763E+01	
1.48000000E+02	-2.44622450E+01	-2.14661563E+01	-2.28071817E+01	-2.24028086E+01	-2.20221526E+01	-2.17406281E+01	-2.13390870E+01	-2.12216655E+01	-2.10867255E+01	
1.49000000E+02	-2.43086669E+01	-2.13511965E+01	-2.27100206E+01	-2.23015385E+01	-2.19123744E+01	-2.16288428E+01	-2.12237288E+01	-2.11061374E+01	-2.09713915E+01	
1.50000000E+02	-2.42353353E+01	-2.13077377E+01	-2.26848071E+01	-2.22716562E+01	-2.18740584E+01	-2.15884674E+01	-2.11801229E+01	-2.10621032E+01	-2.09274963E+01	
1.51000000E+02	-2.42340606E+01	-2.13295452E+01	-2.27251304E+01	-2.23069462E+01	-2.19010378E+01	-2.16132420E+01	-2.12016222E+01	-2.10832982E+01	-2.09488646E+01	
1.52000000E+02	-2.42979802E+01	-2.14114464E+01	-2.28256646E+01	-2.24020656E+01	-2.19879058E+01	-2.16977695E+01	-2.12832476E+01	-2.11646863E+01	-2.10303109E+01	
1.53000000E+02	-2.44213782E+01	-2.15490325E+01	-2.29818272E+01	-2.25525590E+01	-2.21302834E+01	-2.18378714E+01	-2.14206612E+01	-2.13018425E+01	-2.11677112E+01	
1.54000000E+02	-2.45992846E+01	-2.17384906E+01	-2.31895863E+01	-2.27545012E+01	-2.23241882E+01	-2.20294835E+01	-2.16100091E+01	-2.14909582E+01	-2.13570863E+01	
1.55000000E+02	-2.48273725E+01	-2.19765331E+01	-2.34454577E+01	-2.30044899E+01	-2.25662482E+01	-2.22694100E+01	-2.18480189E+01	-2.17289188E+01	-2.15954284E+01	
1.56000000E+02	-2.51017849E+01	-2.22601629E+01	-2.37463354E+01	-2.32994908E+01	-2.28535043E+01	-2.25547187E+01	-2.21317455E+01	-2.20127334E+01	-2.18797684E+01	
1.57000000E+02	-2.54189940E+01	-2.25868174E+01	-2.40894074E+01	-2.36367251E+01	-2.31831580E+01	-2.28825675E+01	-2.24587262E+01	-2.23398976E+01	-2.22074976E+01	
1.58000000E+02	-2.57757624E+01	-2.29540559E+01	-2.44719565E+01	-2.40136069E+01	-2.35527171E+01	-2.32506211E+01	-2.28264670E+01	-2.27078894E+01	-2.25763703E+01	
1.59000000E+02	-2.61689404E+01	-2.33595968E+01	-2.48914597E+01	-2.44277538E+01	-2.39597905E+01	-2.36565930E+01	-2.32327107E+01	-2.31146894E+01	-2.29841412E+01	
1.60000000E+02	-2.65954887E+01	-2.38013134E+01	-2.53454889E+01	-2.48767273E+01	-2.44020919E+01	-2.40981795E+01	-2.36753230E+01	-2.35580287E+01	-2.34288536E+01	
1.61000000E+02	-2.70522914E+01	-2.42770582E+01	-2.58314080E+01	-2.53581919E+01	-2.48773589E+01	-2.45731844E+01	-2.41523170E+01	-2.40359401E+01	-2.39083649E+01	
1.62000000E+02	-2.75361492E+01	-2.47845990E+01	-2.63466284E+01	-2.58696095E+01	-2.53831617E+01	-2.50793915E+01	-2.46613445E+01	-2.45462833E+01	-2.44204864E+01	
1.63000000E+02	-2.80436484E+01	-2.53216233E+01	-2.68882967E+01	-2.64083367E+01	-2.59169827E+01	-2.56142914E+01	-2.52003474E+01	-2.50865904E+01	-2.49629868E+01	
1.64000000E+02	-2.85710330E+01	-2.58855270E+01	-2.74532347E+01	-2.69713955E+01	-2.64760292E+01	-2.61753140E+01	-2.57664718E+01	-2.56545618E+01	-2.55335891E+01	
1.65000000E+02	-2.91141478E+01	-2.64734651E+01	-2.80378048E+01	-2.75554550E+01	-2.70571887E+01	-2.67593831E+01	-2.63569914E+01	-2.62473471E+01	-2.61292621E+01	
1.66000000E+02	-2.96683367E+01	-2.70820808E+01	-2.86378719E+01	-2.81566331E+01	-2.76567932E+01	-2.73630520E+01	-2.69686871E+01	-2.68615926E+01	-2.67468849E+01	
1.67000000E+02	-3.02282528E+01	-2.77074556E+01	-2.92485379E+01	-2.87704309E+01	-2.82706838E+01	-2.79823366E+01	-2.75976447E+01	-2.74934995E+01	-2.73826521E+01	
1.68000000E+02	-3.07878908E+01	-2.83449082E+01	-2.98641127E+01	-2.93914997E+01	-2.88938394E+01	-2.86124274E+01	-2.82392005E+01	-2.81385634E+01	-2.80319642E+01	
1.69000000E+02	-3.13403906E+01	-2.89889278E+01	-3.04778865E+01	-3.00136266E+01	-2.95204124E+01	-2.92475989E+01	-2.88878766E+01	-2.87911354E+01	-2.86893752E+01	
1.70000000E+02	-3.18780871E+01	-2.96328960E+01	-3.10820848E+01	-3.06294446E+01	-3.01435406E+01	-2.98812033E+01	-2.95370805E+01	-2.94446464E+01	-2.93480257E+01	
1.71000000E+02	-3.23925248E+01	-3.02689796E+01	-3.16678428E+01	-3.12305156E+01	-3.07551100E+01	-3.05053592E+01	-3.01788543E+01	-3.00911620E+01	-3.00001650E+01	
1.72000000E+02	-3.28745658E+01	-3.08881708E+01	-3.22250603E+01	-3.18072418E+01	-3.13459880E+01	-3.11111190E+01	-3.08043056E+01	-3.07215827E+01	-3.06364627E+01	
1.73000000E+02	-3.33146752E+01	-3.14800148E+01	-3.27428357E+01	-3.23489436E+01	-3.19058617E+01	-3.16880290E+01	-3.14026321E+01	-3.13253764E+01	-3.12461450E+01	
1.74000000E+02	-3.37032331E+01	-3.20329240E+01	-3.32096174E+01	-3.28441896E+01	-3.24235351E+01	-3.22248278E+01	-3.19621488E+01	-3.18903001E+01	-3.18167950E+01	
1.75000000E+02	-3.40311147E+01	-3.25343963E+01	-3.36137747E+01	-3.32811549E+01	-3.28870888E+01	-3.27094157E+01	-3.24701169E+01	-3.24034467E+01	-3.23353584E+01	
1.76000000E+02	-3.42901852E+01	-3.29712697E+01	-3.39442980E+01	-3.36482818E+01	-3.32846556E+01	-3.31293269E+01	-3.29130565E+01	-3.28511740E+01	-3.27874810E+01	
1.77000000E+02	-3.44739496E+01	-3.33309705E+01	-3.41915642E+01	-3.39350853E+01	-3.36051047E+01	-3.34726316E+01	-3.32779104E+01	-3.32197765E+01	-3.31592900E+01	
1.78000000E+02	-3.45780339E+01	-3.36017087E+01	-3.43481875E+01	-3.41328904E+01	-3.38386995E+01	-3.37286603E+01	-3.35524295E+01	-3.34968395E+01	-3.34378432E+01	
1.79000000E+02	-3.46005469E+01	-3.37740098E+01	-3.44097330E+01	-3.42356485E+01	-3.39779178E+01	-3.38888658E+01	-3.37268013E+01	-3.36720469E+01	-3.36123466E+01	
1.80000000E+02	-3.45421898E+01	-3.38413556E+01	-3.43749124E+01	-3.42404289E+01	-3.40183550E+01	-3.39476764E+01	-3.37942430E+01	-3.37383299E+01	-3.36753850E+01	
