Far field
"Plane Wave Phi"[deg]	"2Blades_SEP_lam80_Carbide [dBsm]"	"2Blades_SEP_lam8_Carbide [dBsm]"	"2Blades_SEP_lam16_Carbide [dBsm]"	"2Blades_SEP_lam20_Carbide [dBsm]"	"2Blades_SEP_lam32_Carbide [dBsm]"	"2Blades_SEP_lam40_Carbide [dBsm]"	"2Blades_SEP_lam64_Carbide [dBsm]"	
-1.80000000E+02	-4.37518282E+01	-4.70625175E+01	-4.61240648E+01	-4.54994531E+01	-4.44301324E+01	-4.43021617E+01	-4.38812016E+01	
-1.79000000E+02	-4.39273970E+01	-4.73838535E+01	-4.64529201E+01	-4.58011518E+01	-4.46455887E+01	-4.45020607E+01	-4.40580055E+01	
-1.78000000E+02	-4.41494112E+01	-4.77747924E+01	-4.68466759E+01	-4.61644196E+01	-4.49135395E+01	-4.47530307E+01	-4.42819496E+01	
-1.77000000E+02	-4.44195362E+01	-4.82412930E+01	-4.73107038E+01	-4.65935492E+01	-4.52367553E+01	-4.50571852E+01	-4.45547028E+01	
-1.76000000E+02	-4.47386816E+01	-4.87915224E+01	-4.78519522E+01	-4.70947838E+01	-4.56184665E+01	-4.54170350E+01	-4.48782082E+01	
-1.75000000E+02	-4.51099748E+01	-4.94362942E+01	-4.84799913E+01	-4.76763433E+01	-4.60629775E+01	-4.58365297E+01	-4.52547117E+01	
-1.74000000E+02	-4.55356749E+01	-5.01899195E+01	-4.92065548E+01	-4.83480728E+01	-4.65759804E+01	-4.63205105E+01	-4.56876407E+01	
-1.73000000E+02	-4.60197828E+01	-5.10718358E+01	-5.00473366E+01	-4.91233799E+01	-4.71645690E+01	-4.68747317E+01	-4.61815163E+01	
-1.72000000E+02	-4.65671934E+01	-5.21083952E+01	-5.10230250E+01	-5.00197884E+01	-4.78376327E+01	-4.75068179E+01	-4.67411252E+01	
-1.71000000E+02	-4.71844426E+01	-5.33372086E+01	-5.21621415E+01	-5.10612734E+01	-4.86074750E+01	-4.82272870E+01	-4.73739663E+01	
-1.70000000E+02	-4.78795680E+01	-5.48138294E+01	-5.35063283E+01	-5.22811859E+01	-4.94897307E+01	-4.90488025E+01	-4.80890553E+01	
-1.69000000E+02	-4.86636625E+01	-5.66255494E+01	-5.51169354E+01	-5.37296573E+01	-5.05060106E+01	-4.99896331E+01	-4.88986544E+01	
-1.68000000E+02	-4.95534732E+01	-5.89156443E+01	-5.70947385E+01	-5.54868348E+01	-5.16878686E+01	-5.10754764E+01	-4.98206792E+01	
-1.67000000E+02	-5.05703118E+01	-6.19280277E+01	-5.96209702E+01	-5.76912001E+01	-5.30822871E+01	-5.23441623E+01	-5.08809729E+01	
-1.66000000E+02	-5.17518821E+01	-6.59414458E+01	-6.30658080E+01	-6.06243364E+01	-5.47639258E+01	-5.38561126E+01	-5.21171009E+01	
-1.65000000E+02	-5.31532765E+01	-6.91862838E+01	-6.83089674E+01	-6.49937685E+01	-5.68586611E+01	-5.57084470E+01	-5.35928604E+01	
-1.64000000E+02	-5.48639197E+01	-6.63660044E+01	-7.47775232E+01	-7.38239545E+01	-5.95943369E+01	-5.80765906E+01	-5.54054411E+01	
-1.63000000E+02	-5.70432299E+01	-6.24138700E+01	-6.89363667E+01	-7.58214140E+01	-6.33485192E+01	-6.12778882E+01	-5.77287945E+01	
-1.62000000E+02	-5.99658643E+01	-5.94382867E+01	-6.38719742E+01	-6.58811778E+01	-6.76285515E+01	-6.56439847E+01	-6.08337725E+01	
-1.61000000E+02	-6.38951058E+01	-5.71665381E+01	-6.06132615E+01	-6.13434874E+01	-6.59287199E+01	-6.76028862E+01	-6.46642124E+01	
-1.60000000E+02	-6.61447673E+01	-5.53330149E+01	-5.82169040E+01	-5.83391333E+01	-6.12337311E+01	-6.30291523E+01	-6.52108857E+01	
-1.59000000E+02	-6.21826810E+01	-5.37774318E+01	-5.62775112E+01	-5.60404600E+01	-5.76314657E+01	-5.88146949E+01	-6.10147336E+01	
-1.58000000E+02	-5.79399715E+01	-5.24011779E+01	-5.45940523E+01	-5.41313581E+01	-5.48775098E+01	-5.56688188E+01	-5.71666940E+01	
-1.57000000E+02	-5.47102488E+01	-5.11427985E+01	-5.30609087E+01	-5.24606791E+01	-5.26511850E+01	-5.31926357E+01	-5.41902953E+01	
-1.56000000E+02	-5.21746833E+01	-4.99654400E+01	-5.16247197E+01	-5.09516258E+01	-5.07771574E+01	-5.11502101E+01	-5.18118377E+01	
-1.55000000E+02	-5.01033700E+01	-4.88506646E+01	-5.02642493E+01	-4.95662306E+01	-4.91583475E+01	-4.94132998E+01	-4.98431262E+01	
-1.54000000E+02	-4.83660252E+01	-4.77928474E+01	-4.89772348E+01	-4.82888766E+01	-4.77415386E+01	-4.79113903E+01	-4.81781133E+01	
-1.53000000E+02	-4.68882760E+01	-4.67945621E+01	-4.77716665E+01	-4.71154444E+01	-4.64954056E+01	-4.66036005E+01	-4.67548146E+01	
-1.52000000E+02	-4.56273381E+01	-4.58640188E+01	-4.66584807E+01	-4.60486938E+01	-4.54030818E+01	-4.54667969E+01	-4.55344403E+01	
-1.51000000E+02	-4.45576249E+01	-4.50117599E+01	-4.56506057E+01	-4.50940155E+01	-4.44561244E+01	-4.44879360E+01	-4.44960278E+01	
-1.50000000E+02	-4.36647304E+01	-4.42490588E+01	-4.47584031E+01	-4.42587323E+01	-4.36505310E+01	-4.36601682E+01	-4.36267473E+01	
-1.49000000E+02	-4.29392289E+01	-4.35864286E+01	-4.39913030E+01	-4.35499284E+01	-4.29862869E+01	-4.29817419E+01	-4.29206107E+01	
-1.48000000E+02	-4.23796254E+01	-4.30338278E+01	-4.33577582E+01	-4.29743782E+01	-4.24658690E+01	-4.24536763E+01	-4.23750921E+01	
-1.47000000E+02	-4.19857902E+01	-4.25994936E+01	-4.28642999E+01	-4.25393858E+01	-4.20931321E+01	-4.20786861E+01	-4.19917300E+01	
-1.46000000E+02	-4.17607052E+01	-4.22904687E+01	-4.25169160E+01	-4.22508000E+01	-4.18730198E+01	-4.18613401E+01	-4.17738440E+01	
-1.45000000E+02	-4.17084851E+01	-4.21114674E+01	-4.23195477E+01	-4.21143225E+01	-4.18099304E+01	-4.18064891E+01	-4.17263803E+01	
-1.44000000E+02	-4.18325276E+01	-4.20641563E+01	-4.22738263E+01	-4.21319349E+01	-4.19072687E+01	-4.19175098E+01	-4.18518080E+01	
-1.43000000E+02	-4.21332808E+01	-4.21455079E+01	-4.23760002E+01	-4.23025282E+01	-4.21632665E+01	-4.21933306E+01	-4.21499963E+01	
-1.42000000E+02	-4.25981864E+01	-4.23446733E+01	-4.26143638E+01	-4.26140011E+01	-4.25654626E+01	-4.26219157E+01	-4.26097599E+01	
-1.41000000E+02	-4.31938332E+01	-4.26392351E+01	-4.29617098E+01	-4.30381355E+01	-4.30812057E+01	-4.31703204E+01	-4.31964700E+01	
-1.40000000E+02	-4.38407184E+01	-4.29914045E+01	-4.33688318E+01	-4.35195988E+01	-4.36431287E+01	-4.37665261E+01	-4.38328984E+01	
-1.39000000E+02	-4.43964330E+01	-4.33467588E+01	-4.37612889E+01	-4.39711110E+01	-4.41396853E+01	-4.42890045E+01	-4.43821714E+01	
-1.38000000E+02	-4.46789542E+01	-4.36428316E+01	-4.40486456E+01	-4.42827126E+01	-4.44335454E+01	-4.45843594E+01	-4.46686102E+01	
-1.37000000E+02	-4.45633609E+01	-4.38288931E+01	-4.41592549E+01	-4.43703955E+01	-4.44281046E+01	-4.45457655E+01	-4.45735997E+01	
-1.36000000E+02	-4.40975608E+01	-4.38923935E+01	-4.40820985E+01	-4.42278604E+01	-4.41408377E+01	-4.41988112E+01	-4.41374013E+01	
-1.35000000E+02	-4.34581261E+01	-4.38699309E+01	-4.38792715E+01	-4.39397712E+01	-4.36958213E+01	-4.36854802E+01	-4.35289929E+01	
-1.34000000E+02	-4.28335663E+01	-4.38327017E+01	-4.36540945E+01	-4.36291650E+01	-4.32438977E+01	-4.31716019E+01	-4.29307519E+01	
-1.33000000E+02	-4.23493194E+01	-4.38608753E+01	-4.35079689E+01	-4.34081706E+01	-4.29044357E+01	-4.27798574E+01	-4.24684679E+01	
-1.32000000E+02	-4.20778694E+01	-4.40232692E+01	-4.35186334E+01	-4.33561709E+01	-4.27519476E+01	-4.25838542E+01	-4.22143849E+01	
-1.31000000E+02	-4.20520338E+01	-4.43695221E+01	-4.37372302E+01	-4.35209057E+01	-4.28261976E+01	-4.26219769E+01	-4.22026848E+01	
-1.30000000E+02	-4.22850940E+01	-4.49270970E+01	-4.41916575E+01	-4.39251793E+01	-4.31423918E+01	-4.29075444E+01	-4.24453341E+01	
-1.29000000E+02	-4.27681216E+01	-4.56948974E+01	-4.48840940E+01	-4.45651682E+01	-4.36922129E+01	-4.34321244E+01	-4.29350681E+01	
-1.28000000E+02	-4.34669745E+01	-4.66279594E+01	-4.57787086E+01	-4.53997869E+01	-4.44314618E+01	-4.41531989E+01	-4.36331536E+01	
-1.27000000E+02	-4.42877073E+01	-4.76064155E+01	-4.67708002E+01	-4.63216237E+01	-4.52570192E+01	-4.49703743E+01	-4.44460814E+01	
-1.26000000E+02	-4.50567169E+01	-4.84198247E+01	-4.76546489E+01	-4.71332223E+01	-4.59835081E+01	-4.57006956E+01	-4.51958307E+01	
-1.25000000E+02	-4.55268539E+01	-4.88339177E+01	-4.81626387E+01	-4.75896547E+01	-4.63855085E+01	-4.61132088E+01	-4.56428903E+01	
-1.24000000E+02	-4.55245793E+01	-4.87731669E+01	-4.81538354E+01	-4.75720115E+01	-4.63440447E+01	-4.60750166E+01	-4.56276283E+01	
-1.23000000E+02	-4.51138602E+01	-4.83943042E+01	-4.77554230E+01	-4.71986049E+01	-4.59593915E+01	-4.56773009E+01	-4.52202154E+01	
-1.22000000E+02	-4.45264687E+01	-4.79373739E+01	-4.72328015E+01	-4.67131412E+01	-4.54535622E+01	-4.51448744E+01	-4.46514923E+01	
-1.21000000E+02	-4.39822853E+01	-4.75816212E+01	-4.67960044E+01	-4.63109779E+01	-4.50194161E+01	-4.46778026E+01	-4.41303543E+01	
-1.20000000E+02	-4.36168212E+01	-4.74289661E+01	-4.65630635E+01	-4.61054706E+01	-4.47710664E+01	-4.43941467E+01	-4.37873617E+01	
-1.19000000E+02	-4.34900173E+01	-4.75370996E+01	-4.65898432E+01	-4.61549790E+01	-4.47687268E+01	-4.43541511E+01	-4.36840957E+01	
-1.18000000E+02	-4.36263361E+01	-4.79435049E+01	-4.69056366E+01	-4.64861310E+01	-4.50400184E+01	-4.45849161E+01	-4.38442345E+01	
-1.17000000E+02	-4.40239597E+01	-4.86700041E+01	-4.75131296E+01	-4.71055548E+01	-4.55897793E+01	-4.50899204E+01	-4.42670766E+01	
-1.16000000E+02	-4.46511436E+01	-4.96852977E+01	-4.83673291E+01	-4.79705659E+01	-4.63880955E+01	-4.58391089E+01	-4.49206649E+01	
-1.15000000E+02	-4.54229095E+01	-5.07911016E+01	-4.92949074E+01	-4.89215534E+01	-4.73237866E+01	-4.67331446E+01	-4.57181885E+01	
-1.14000000E+02	-4.61747894E+01	-5.14567700E+01	-4.99106393E+01	-4.95933493E+01	-4.81408903E+01	-4.75497239E+01	-4.64847407E+01	
-1.13000000E+02	-4.66749640E+01	-5.10834300E+01	-4.97791919E+01	-4.95542480E+01	-4.84802860E+01	-4.79699162E+01	-4.69723391E+01	
-1.12000000E+02	-4.67617309E+01	-4.98383854E+01	-4.89254819E+01	-4.87883293E+01	-4.81746198E+01	-4.78117368E+01	-4.70138158E+01	
-1.11000000E+02	-4.64958609E+01	-4.84032164E+01	-4.78072128E+01	-4.77259563E+01	-4.74618568E+01	-4.72413730E+01	-4.66871249E+01	
-1.10000000E+02	-4.60930711E+01	-4.71991674E+01	-4.68098118E+01	-4.67591729E+01	-4.67048840E+01	-4.65825783E+01	-4.62312929E+01	
-1.09000000E+02	-4.57555611E+01	-4.63528370E+01	-4.60971696E+01	-4.60641970E+01	-4.61287961E+01	-4.60655046E+01	-4.58548132E+01	
-1.08000000E+02	-4.55872044E+01	-4.58615316E+01	-4.56999444E+01	-4.56773869E+01	-4.58112227E+01	-4.57796357E+01	-4.56592526E+01	
-1.07000000E+02	-4.56039365E+01	-4.56712116E+01	-4.55838371E+01	-4.55681667E+01	-4.57423234E+01	-4.57247987E+01	-4.56586867E+01	
-1.06000000E+02	-4.57601335E+01	-4.57009646E+01	-4.56793645E+01	-4.56666372E+01	-4.58596590E+01	-4.58444801E+01	-4.58048221E+01	
-1.05000000E+02	-4.59631915E+01	-4.58465502E+01	-4.58888017E+01	-4.58760065E+01	-4.60656090E+01	-4.60422856E+01	-4.60043628E+01	
-1.04000000E+02	-4.61013380E+01	-4.59904758E+01	-4.60958663E+01	-4.60787061E+01	-4.62408791E+01	-4.62010168E+01	-4.61453082E+01	
-1.03000000E+02	-4.60666050E+01	-4.60239806E+01	-4.61895686E+01	-4.61651024E+01	-4.62731078E+01	-4.62097958E+01	-4.61189611E+01	
-1.02000000E+02	-4.58117034E+01	-4.58810790E+01	-4.60999937E+01	-4.60645527E+01	-4.60973342E+01	-4.60075261E+01	-4.58723640E+01	
-1.01000000E+02	-4.53644716E+01	-4.55670842E+01	-4.58281064E+01	-4.57791441E+01	-4.57265936E+01	-4.56123115E+01	-4.54346490E+01	
-1.00000000E+02	-4.48332802E+01	-4.51559727E+01	-4.54483494E+01	-4.53877861E+01	-4.52526625E+01	-4.51193723E+01	-4.49108404E+01	
-9.90000000E+01	-4.43580327E+01	-4.47662229E+01	-4.50849066E+01	-4.50125676E+01	-4.48101770E+01	-4.46650274E+01	-4.44390817E+01	
-9.80000000E+01	-4.40759365E+01	-4.45260378E+01	-4.48745515E+01	-4.47924082E+01	-4.45403017E+01	-4.43892590E+01	-4.41558645E+01	
-9.70000000E+01	-4.41024271E+01	-4.45543493E+01	-4.49457272E+01	-4.48561857E+01	-4.45675723E+01	-4.44144966E+01	-4.41803234E+01	
-9.60000000E+01	-4.45297928E+01	-4.49552337E+01	-4.54125872E+01	-4.53126934E+01	-4.49965209E+01	-4.48413904E+01	-4.46043177E+01	
-9.50000000E+01	-4.54030211E+01	-4.58159779E+01	-4.63692065E+01	-4.62517511E+01	-4.58996690E+01	-4.57373899E+01	-4.54793214E+01	
-9.40000000E+01	-4.66432422E+01	-4.71869668E+01	-4.78515433E+01	-4.76922614E+01	-4.72593387E+01	-4.70712661E+01	-4.67364115E+01	
-9.30000000E+01	-4.77871723E+01	-4.89705939E+01	-4.96399487E+01	-4.93714170E+01	-4.87330523E+01	-4.84736854E+01	-4.79354956E+01	
-9.20000000E+01	-4.79001090E+01	-5.05780253E+01	-5.07725245E+01	-5.03156375E+01	-4.93273763E+01	-4.89572541E+01	-4.81323473E+01	
-9.10000000E+01	-4.67331865E+01	-5.08539669E+01	-5.01355498E+01	-4.95780217E+01	-4.83819015E+01	-4.79587112E+01	-4.70085081E+01	
-9.00000000E+01	-4.51754645E+01	-4.97518332E+01	-4.84992908E+01	-4.79682681E+01	-4.67806053E+01	-4.63690856E+01	-4.54507304E+01	
-8.90000000E+01	-4.38861221E+01	-4.83897180E+01	-4.69991833E+01	-4.65182594E+01	-4.53883726E+01	-4.50024496E+01	-4.41482916E+01	
-8.80000000E+01	-4.30217088E+01	-4.73160754E+01	-4.59336746E+01	-4.54966839E+01	-4.44258655E+01	-4.40666450E+01	-4.32704131E+01	
-8.70000000E+01	-4.25262976E+01	-4.65177569E+01	-4.52098883E+01	-4.48184260E+01	-4.38207381E+01	-4.34936917E+01	-4.27581027E+01	
-8.60000000E+01	-4.22476270E+01	-4.57930882E+01	-4.46181637E+01	-4.42820273E+01	-4.33960653E+01	-4.31128580E+01	-4.24566594E+01	
-8.50000000E+01	-4.19940149E+01	-4.49703162E+01	-4.39646963E+01	-4.36919118E+01	-4.29541681E+01	-4.27253262E+01	-4.21711893E+01	
-8.40000000E+01	-4.16113309E+01	-4.40451854E+01	-4.31934072E+01	-4.29725650E+01	-4.23806007E+01	-4.22027434E+01	-4.17538832E+01	
-8.30000000E+01	-4.10782970E+01	-4.31588148E+01	-4.24028617E+01	-4.22084285E+01	-4.17118349E+01	-4.15645561E+01	-4.11935589E+01	
-8.20000000E+01	-4.05030291E+01	-4.24775166E+01	-4.17515888E+01	-4.15562530E+01	-4.10852608E+01	-4.09423455E+01	-4.06041105E+01	
-8.10000000E+01	-4.00332472E+01	-4.21196351E+01	-4.13689583E+01	-4.11496185E+01	-4.06405119E+01	-4.04797067E+01	-4.01338290E+01	
-8.00000000E+01	-3.97826384E+01	-4.21537028E+01	-4.13358084E+01	-4.10729103E+01	-4.04708156E+01	-4.02760540E+01	-3.98922869E+01	
-7.90000000E+01	-3.98149644E+01	-4.26163623E+01	-4.16961109E+01	-4.13713387E+01	-4.06252230E+01	-4.03833866E+01	-3.99405268E+01	
-7.80000000E+01	-4.01560667E+01	-4.35192761E+01	-4.24712470E+01	-4.20632151E+01	-4.11186335E+01	-4.08191703E+01	-4.03016482E+01	
-7.70000000E+01	-4.08017000E+01	-4.48186750E+01	-4.36469135E+01	-4.31351694E+01	-4.19347682E+01	-4.15703840E+01	-4.09695814E+01	
-7.60000000E+01	-4.17073946E+01	-4.62972269E+01	-4.51105806E+01	-4.44908541E+01	-4.30023845E+01	-4.25772550E+01	-4.18998489E+01	
-7.50000000E+01	-4.27618678E+01	-4.73416253E+01	-4.64794326E+01	-4.58189166E+01	-4.41357816E+01	-4.36847383E+01	-4.29695368E+01	
-7.40000000E+01	-4.37235944E+01	-4.71804314E+01	-4.70097745E+01	-4.64959911E+01	-4.49695682E+01	-4.45790656E+01	-4.39253834E+01	
-7.30000000E+01	-4.42302845E+01	-4.59502249E+01	-4.63108193E+01	-4.60589346E+01	-4.50944780E+01	-4.48591567E+01	-4.43907199E+01	
-7.20000000E+01	-4.40237060E+01	-4.44228314E+01	-4.49375996E+01	-4.48570001E+01	-4.44607529E+01	-4.43852933E+01	-4.41290270E+01	
-7.10000000E+01	-4.32294402E+01	-4.30388372E+01	-4.35146951E+01	-4.34894929E+01	-4.34172950E+01	-4.34269303E+01	-4.32963535E+01	
-7.00000000E+01	-4.21836480E+01	-4.19068919E+01	-4.22897478E+01	-4.22585383E+01	-4.23094079E+01	-4.23350256E+01	-4.22377913E+01	
-6.90000000E+01	-4.11418662E+01	-4.10153919E+01	-4.13027709E+01	-4.12405850E+01	-4.13076140E+01	-4.13147791E+01	-4.11989988E+01	
-6.80000000E+01	-4.02266470E+01	-4.03278929E+01	-4.05321495E+01	-4.04325602E+01	-4.04690754E+01	-4.04441978E+01	-4.02921070E+01	
-6.70000000E+01	-3.94786710E+01	-3.98109182E+01	-3.99470054E+01	-3.98121299E+01	-3.98022477E+01	-3.97442378E+01	-3.95540458E+01	
-6.60000000E+01	-3.89084815E+01	-3.94399717E+01	-3.95232251E+01	-3.93590645E+01	-3.93034728E+01	-3.92156515E+01	-3.89927939E+01	
-6.50000000E+01	-3.85169346E+01	-3.92013246E+01	-3.92444326E+01	-3.90593948E+01	-3.89660610E+01	-3.88543268E+01	-3.86078341E+01	
-6.40000000E+01	-3.83016114E+01	-3.90888292E+01	-3.91025771E+01	-3.89060223E+01	-3.87856081E+01	-3.86569158E+01	-3.83959389E+01	
-6.30000000E+01	-3.82575254E+01	-3.91008115E+01	-3.90936601E+01	-3.88952498E+01	-3.87594096E+01	-3.86201684E+01	-3.83539511E+01	
-6.20000000E+01	-3.83816003E+01	-3.92376238E+01	-3.92157294E+01	-3.90248322E+01	-3.88841281E+01	-3.87407771E+01	-3.84781229E+01	
-6.10000000E+01	-3.86678991E+01	-3.94978096E+01	-3.94651408E+01	-3.92902970E+01	-3.91541906E+01	-3.90130182E+01	-3.87609960E+01	
-6.00000000E+01	-3.91033550E+01	-3.98748096E+01	-3.98342986E+01	-3.96832940E+01	-3.95591240E+01	-3.94255585E+01	-3.91925745E+01	
-5.90000000E+01	-3.96710117E+01	-4.03558975E+01	-4.03077661E+01	-4.01875647E+01	-4.00805536E+01	-3.99607110E+01	-3.97528241E+01	
-5.80000000E+01	-4.03390342E+01	-4.09177657E+01	-4.08613561E+01	-4.07780810E+01	-4.06898458E+01	-4.05888061E+01	-4.04124177E+01	
-5.70000000E+01	-4.10630431E+01	-4.15264929E+01	-4.14585369E+01	-4.14162454E+01	-4.13454033E+01	-4.12672983E+01	-4.11262784E+01	
-5.60000000E+01	-4.17823366E+01	-4.21362665E+01	-4.20524772E+01	-4.20510446E+01	-4.19914750E+01	-4.19384175E+01	-4.18342398E+01	
-5.50000000E+01	-4.24193680E+01	-4.26924671E+01	-4.25865035E+01	-4.26227333E+01	-4.25605702E+01	-4.25325506E+01	-4.24613898E+01	
-5.40000000E+01	-4.28939173E+01	-4.31367429E+01	-4.30027749E+01	-4.30666493E+01	-4.29840513E+01	-4.29762846E+01	-4.29279610E+01	
-5.30000000E+01	-4.31382173E+01	-4.34194024E+01	-4.32528491E+01	-4.33289729E+01	-4.32054063E+01	-4.32095216E+01	-4.31680203E+01	
-5.20000000E+01	-4.31194489E+01	-4.35109780E+01	-4.33095592E+01	-4.33793511E+01	-4.31978589E+01	-4.32032305E+01	-4.31512672E+01	
-5.10000000E+01	-4.28553688E+01	-4.34110138E+01	-4.31747532E+01	-4.32223848E+01	-4.29724377E+01	-4.29692021E+01	-4.28909360E+01	
-5.00000000E+01	-4.23962017E+01	-4.31475407E+01	-4.28776587E+01	-4.28915225E+01	-4.25722776E+01	-4.25529557E+01	-4.24397298E+01	
-4.90000000E+01	-4.18138702E+01	-4.27663360E+01	-4.24646521E+01	-4.24399106E+01	-4.20568264E+01	-4.20175427E+01	-4.18663728E+01	
-4.80000000E+01	-4.11764607E+01	-4.23181931E+01	-4.19863317E+01	-4.19234597E+01	-4.14861611E+01	-4.14260536E+01	-4.12380855E+01	
-4.70000000E+01	-4.05389697E+01	-4.18488772E+01	-4.14882107E+01	-4.13907540E+01	-4.09091470E+01	-4.08300130E+01	-4.06093500E+01	
-4.60000000E+01	-3.99405404E+01	-4.13939415E+01	-4.10071673E+01	-4.08798380E+01	-4.03627363E+01	-4.02670347E+01	-4.00193868E+01	
-4.50000000E+01	-3.94075961E+01	-4.09786326E+01	-4.05686001E+01	-4.04165037E+01	-3.98706612E+01	-3.97619340E+01	-3.94924818E+01	
-4.40000000E+01	-3.89533352E+01	-4.06197037E+01	-4.01901150E+01	-4.00171447E+01	-3.94476134E+01	-3.93291542E+01	-3.90435887E+01	
-4.30000000E+01	-3.85848753E+01	-4.03271151E+01	-3.98825207E+01	-3.96915246E+01	-3.91008209E+01	-3.89761428E+01	-3.86790387E+01	
-4.20000000E+01	-3.83047848E+01	-4.01065611E+01	-3.96513480E+01	-3.94448483E+01	-3.88335401E+01	-3.87055004E+01	-3.84017516E+01	
-4.10000000E+01	-3.81120758E+01	-3.99610790E+01	-3.95000856E+01	-3.92788710E+01	-3.86458311E+01	-3.85168788E+01	-3.82103900E+01	
-4.00000000E+01	-3.80040960E+01	-3.98915117E+01	-3.94293521E+01	-3.91936735E+01	-3.85366411E+01	-3.84085427E+01	-3.81026743E+01	
-3.90000000E+01	-3.79780749E+01	-3.98976088E+01	-3.94391644E+01	-3.91886546E+01	-3.85039037E+01	-3.83779648E+01	-3.80758101E+01	
-3.80000000E+01	-3.80297744E+01	-3.99786075E+01	-3.95284884E+01	-3.92623950E+01	-3.85455442E+01	-3.84223964E+01	-3.81261328E+01	
-3.70000000E+01	-3.81574767E+01	-4.01328692E+01	-3.96960857E+01	-3.94135702E+01	-3.86596130E+01	-3.85395176E+01	-3.82510153E+01	
-3.60000000E+01	-3.83581079E+01	-4.03590374E+01	-3.99408213E+01	-3.96411876E+01	-3.88447620E+01	-3.87271916E+01	-3.84477985E+01	
-3.50000000E+01	-3.86302183E+01	-4.06557377E+01	-4.02620746E+01	-3.99449828E+01	-3.90999650E+01	-3.89845147E+01	-3.87155287E+01	
-3.40000000E+01	-3.89738152E+01	-4.10220747E+01	-4.06600277E+01	-4.03250261E+01	-3.94259050E+01	-3.93113193E+01	-3.90537635E+01	
-3.30000000E+01	-3.93896185E+01	-4.14586439E+01	-4.11359414E+01	-4.07837144E+01	-3.98239451E+01	-3.97090717E+01	-3.94632114E+01	
-3.20000000E+01	-3.98805981E+01	-4.19672958E+01	-4.16933706E+01	-4.13249902E+01	-4.02977027E+01	-4.01807781E+01	-3.99470042E+01	
-3.10000000E+01	-4.04519415E+01	-4.25523718E+01	-4.23380593E+01	-4.19550634E+01	-4.08519419E+01	-4.07315189E+01	-4.05106562E+01	
-3.00000000E+01	-4.11125701E+01	-4.32214065E+01	-4.30793795E+01	-4.26838977E+01	-4.14948985E+01	-4.13686003E+01	-4.11611740E+01	
-2.90000000E+01	-4.18709269E+01	-4.39850609E+01	-4.39306696E+01	-4.35258029E+01	-4.22374135E+01	-4.21029546E+01	-4.19095482E+01	
-2.80000000E+01	-4.27452536E+01	-4.48595043E+01	-4.49113886E+01	-4.45007429E+01	-4.30936968E+01	-4.29486021E+01	-4.27704931E+01	
-2.70000000E+01	-4.37555557E+01	-4.58665369E+01	-4.60489608E+01	-4.56376034E+01	-4.40843305E+01	-4.39254626E+01	-4.37642945E+01	
-2.60000000E+01	-4.49322549E+01	-4.70379986E+01	-4.73833766E+01	-4.69794842E+01	-4.52369504E+01	-4.50600715E+01	-4.49206201E+01	
-2.50000000E+01	-4.63172328E+01	-4.84188268E+01	-4.89740093E+01	-4.85918298E+01	-4.65900596E+01	-4.63903085E+01	-4.62791484E+01	
-2.40000000E+01	-4.79785980E+01	-5.00788018E+01	-5.09164576E+01	-5.05845718E+01	-4.82012645E+01	-4.79706815E+01	-4.79004230E+01	
-2.30000000E+01	-5.00227781E+01	-5.21314865E+01	-5.33706312E+01	-5.31626176E+01	-5.01552965E+01	-4.98848148E+01	-4.98823684E+01	
-2.20000000E+01	-5.26368676E+01	-5.47841581E+01	-5.66242042E+01	-5.67820166E+01	-5.25825073E+01	-5.22599214E+01	-5.23836673E+01	
-2.10000000E+01	-5.61800371E+01	-5.84611362E+01	-6.10686131E+01	-6.28939951E+01	-5.56420706E+01	-5.52700374E+01	-5.56771160E+01	
-2.00000000E+01	-6.11481116E+01	-6.40608722E+01	-6.45681371E+01	-9.15113105E+01	-5.91455172E+01	-5.88627268E+01	-5.99812221E+01	
-1.90000000E+01	-6.38442254E+01	-6.79086066E+01	-6.10965948E+01	-6.34699275E+01	-6.05290967E+01	-6.08236885E+01	-6.24706917E+01	
-1.80000000E+01	-5.92176383E+01	-6.19109266E+01	-5.71204091E+01	-5.76308766E+01	-5.79743054E+01	-5.84711371E+01	-5.90279733E+01	
-1.70000000E+01	-5.53012764E+01	-5.76185481E+01	-5.43159927E+01	-5.43480310E+01	-5.49721148E+01	-5.53391658E+01	-5.53856114E+01	
-1.60000000E+01	-5.26050511E+01	-5.48152756E+01	-5.22818319E+01	-5.21210699E+01	-5.26154010E+01	-5.28724471E+01	-5.27470409E+01	
-1.50000000E+01	-5.06464969E+01	-5.28188597E+01	-5.07425120E+01	-5.04820489E+01	-5.08122506E+01	-5.09948997E+01	-5.07985397E+01	
-1.40000000E+01	-4.91543444E+01	-5.13181102E+01	-4.95434261E+01	-4.92231396E+01	-4.94073219E+01	-4.95383567E+01	-4.93060278E+01	
-1.30000000E+01	-4.79842707E+01	-5.01539449E+01	-4.85930981E+01	-4.82318322E+01	-4.82927215E+01	-4.83856448E+01	-4.81317392E+01	
-1.20000000E+01	-4.70481280E+01	-4.92350073E+01	-4.78335511E+01	-4.74421339E+01	-4.73979433E+01	-4.74608525E+01	-4.71919078E+01	
-1.10000000E+01	-4.62929982E+01	-4.85039558E+01	-4.72262285E+01	-4.68107147E+01	-4.66751942E+01	-4.67134405E+01	-4.64326724E+01	
-1.00000000E+01	-4.56818963E+01	-4.79233893E+01	-4.67440634E+01	-4.63078024E+01	-4.60912194E+01	-4.61088513E+01	-4.58173579E+01	
-9.00000000E+00	-4.51884191E+01	-4.74668965E+01	-4.63673723E+01	-4.59127804E+01	-4.56226749E+01	-4.56221707E+01	-4.53204857E+01	
-8.00000000E+00	-4.47939638E+01	-4.71157866E+01	-4.60818921E+01	-4.56102551E+01	-4.52520899E+01	-4.52351156E+01	-4.49236520E+01	
-7.00000000E+00	-4.44854135E+01	-4.68561923E+01	-4.58772167E+01	-4.53890600E+01	-4.49666313E+01	-4.49343776E+01	-4.46126554E+01	
-6.00000000E+00	-4.42518672E+01	-4.66783184E+01	-4.57455098E+01	-4.52410466E+01	-4.47565286E+01	-4.47097567E+01	-4.43777185E+01	
-5.00000000E+00	-4.40862366E+01	-4.65748561E+01	-4.56810559E+01	-4.51599458E+01	-4.46149177E+01	-4.45540389E+01	-4.42104942E+01	
-4.00000000E+00	-4.39825392E+01	-4.65406626E+01	-4.56801369E+01	-4.51418118E+01	-4.45363104E+01	-4.44614534E+01	-4.41060497E+01	
-3.00000000E+00	-4.39365983E+01	-4.65725453E+01	-4.57402201E+01	-4.51838719E+01	-4.45171959E+01	-4.44281126E+01	-4.40596015E+01	
-2.00000000E+00	-4.39459066E+01	-4.66687285E+01	-4.58605666E+01	-4.52850362E+01	-4.45551824E+01	-4.44515508E+01	-4.40685966E+01	
-1.00000000E+00	-4.40079078E+01	-4.68291731E+01	-4.60411080E+01	-4.54448050E+01	-4.46491824E+01	-4.45300472E+01	-4.41312232E+01	
0.00000000E+00	-4.41224289E+01	-4.70547827E+01	-4.62838826E+01	-4.56647998E+01	-4.47991716E+01	-4.46635363E+01	-4.42469233E+01	
1.00000000E+00	-4.42894851E+01	-4.73482695E+01	-4.65915693E+01	-4.59471700E+01	-4.50060569E+01	-4.48523743E+01	-4.44159530E+01	
2.00000000E+00	-4.45095873E+01	-4.77137474E+01	-4.69686533E+01	-4.62958031E+01	-4.52718201E+01	-4.50981951E+01	-4.46386173E+01	
3.00000000E+00	-4.47857543E+01	-4.81570319E+01	-4.74211743E+01	-4.67157311E+01	-4.55996045E+01	-4.54034546E+01	-4.49176797E+01	
4.00000000E+00	-4.51192022E+01	-4.86862503E+01	-4.79576359E+01	-4.72143897E+01	-4.59939091E+01	-4.57720179E+01	-4.52559159E+01	
5.00000000E+00	-4.55142063E+01	-4.93120643E+01	-4.85886061E+01	-4.78012641E+01	-4.64604600E+01	-4.62085494E+01	-4.56565805E+01	
6.00000000E+00	-4.59759371E+01	-5.00487046E+01	-4.93287922E+01	-4.84881592E+01	-4.70066720E+01	-4.67195272E+01	-4.61251380E+01	
7.00000000E+00	-4.65096033E+01	-5.09148472E+01	-5.01979099E+01	-4.92920650E+01	-4.76424839E+01	-4.73131276E+01	-4.66683206E+01	
8.00000000E+00	-4.71239343E+01	-5.19359022E+01	-5.12233144E+01	-5.02350583E+01	-4.83805787E+01	-4.79999862E+01	-4.72941322E+01	
9.00000000E+00	-4.78272420E+01	-5.31461663E+01	-5.24444677E+01	-5.13486183E+01	-4.92380521E+01	-4.87942756E+01	-4.80138875E+01	
1.00000000E+01	-4.86347297E+01	-5.45929477E+01	-5.39206637E+01	-5.26779194E+01	-5.02378984E+01	-4.97144817E+01	-4.88409925E+01	
1.10000000E+01	-4.95640180E+01	-5.63379278E+01	-5.57479481E+01	-5.42934203E+01	-5.14117982E+01	-5.07862328E+01	-4.97962864E+01	
1.20000000E+01	-5.06414346E+01	-5.84462083E+01	-5.81010055E+01	-5.63075539E+01	-5.28070418E+01	-5.20461805E+01	-5.09066122E+01	
1.30000000E+01	-5.19007028E+01	-6.08895967E+01	-6.13410342E+01	-5.89224883E+01	-5.44930219E+01	-5.35482981E+01	-5.22104007E+01	
1.40000000E+01	-5.33995839E+01	-6.30936359E+01	-6.64319460E+01	-6.25070944E+01	-5.65767933E+01	-5.53728336E+01	-5.37699662E+01	
1.50000000E+01	-5.52252883E+01	-6.33711575E+01	-7.63777140E+01	-6.73897048E+01	-5.92124257E+01	-5.76408012E+01	-5.56746218E+01	
1.60000000E+01	-5.75192896E+01	-6.14426337E+01	-6.97619227E+01	-6.86457287E+01	-6.24725436E+01	-6.04904383E+01	-5.80673185E+01	
1.70000000E+01	-6.04822858E+01	-5.90356969E+01	-6.34577894E+01	-6.39006074E+01	-6.51072154E+01	-6.36604349E+01	-6.10976430E+01	
1.80000000E+01	-6.40351995E+01	-5.69109474E+01	-5.98677366E+01	-6.01178662E+01	-6.36490872E+01	-6.46241222E+01	-6.42447817E+01	
1.90000000E+01	-6.53019466E+01	-5.51366793E+01	-5.74043739E+01	-5.74160990E+01	-6.02637652E+01	-6.18662181E+01	-6.41844160E+01	
2.00000000E+01	-6.20052528E+01	-5.36445608E+01	-5.55399613E+01	-5.53577372E+01	-5.73313033E+01	-5.86375744E+01	-6.08328254E+01	
2.10000000E+01	-5.83965402E+01	-5.23624980E+01	-5.40348227E+01	-5.36968524E+01	-5.49835611E+01	-5.59714173E+01	-5.75686401E+01	
2.20000000E+01	-5.55237189E+01	-5.12323475E+01	-5.27550170E+01	-5.22934763E+01	-5.30535275E+01	-5.37961741E+01	-5.49335056E+01	
2.30000000E+01	-5.32162719E+01	-5.02113279E+01	-5.16182596E+01	-5.10623225E+01	-5.14163906E+01	-5.19740064E+01	-5.27853248E+01	
2.40000000E+01	-5.13063584E+01	-4.92681627E+01	-5.05726817E+01	-4.99496914E+01	-4.99929091E+01	-5.04074544E+01	-5.09827713E+01	
2.50000000E+01	-4.96807327E+01	-4.83831351E+01	-4.95859218E+01	-4.89239371E+01	-4.87338115E+01	-4.90378249E+01	-4.94380855E+01	
2.60000000E+01	-4.82805023E+01	-4.75455091E+01	-4.86436173E+01	-4.79685378E+01	-4.76111748E+01	-4.78290681E+01	-4.80975024E+01	
2.70000000E+01	-4.70656154E+01	-4.67530819E+01	-4.77443208E+01	-4.70782183E+01	-4.66099033E+01	-4.67613481E+01	-4.69311168E+01	
2.80000000E+01	-4.60189422E+01	-4.60101380E+01	-4.68949496E+01	-4.62565759E+01	-4.57239976E+01	-4.58256351E+01	-4.59206331E+01	
2.90000000E+01	-4.51273128E+01	-4.53252973E+01	-4.61086609E+01	-4.55111069E+01	-4.49532338E+01	-4.50179375E+01	-4.50594772E+01	
3.00000000E+01	-4.43870523E+01	-4.47096554E+01	-4.54006012E+01	-4.48537115E+01	-4.43007586E+01	-4.43396615E+01	-4.43424769E+01	
3.10000000E+01	-4.37974130E+01	-4.41758171E+01	-4.47860730E+01	-4.42967616E+01	-4.37725044E+01	-4.37947712E+01	-4.37709159E+01	
3.20000000E+01	-4.33629763E+01	-4.37350936E+01	-4.42789549E+01	-4.38513518E+01	-4.33754786E+01	-4.33892109E+01	-4.33506660E+01	
3.30000000E+01	-4.30871773E+01	-4.33977689E+01	-4.38907046E+01	-4.35288338E+01	-4.31178819E+01	-4.31295734E+01	-4.30850950E+01	
3.40000000E+01	-4.29774108E+01	-4.31714584E+01	-4.36294434E+01	-4.33373685E+01	-4.30062688E+01	-4.30224322E+01	-4.29810204E+01	
3.50000000E+01	-4.30352989E+01	-4.30593391E+01	-4.34983591E+01	-4.32818990E+01	-4.30451901E+01	-4.30721805E+01	-4.30417790E+01	
3.60000000E+01	-4.32605197E+01	-4.30579174E+01	-4.34934965E+01	-4.33593123E+01	-4.32323243E+01	-4.32765511E+01	-4.32664357E+01	
3.70000000E+01	-4.36351426E+01	-4.31537500E+01	-4.35986467E+01	-4.35537105E+01	-4.35511567E+01	-4.36184484E+01	-4.36356914E+01	
3.80000000E+01	-4.41117792E+01	-4.33183117E+01	-4.37791149E+01	-4.38290081E+01	-4.39587682E+01	-4.40529534E+01	-4.41039671E+01	
3.90000000E+01	-4.45846846E+01	-4.35044324E+01	-4.39756591E+01	-4.41172263E+01	-4.43696715E+01	-4.44883541E+01	-4.45675312E+01	
4.00000000E+01	-4.48805240E+01	-4.36472157E+01	-4.41052541E+01	-4.43186856E+01	-4.46480066E+01	-4.47758797E+01	-4.48612519E+01	
4.10000000E+01	-4.48109558E+01	-4.36780773E+01	-4.40816750E+01	-4.43237839E+01	-4.46450001E+01	-4.47534926E+01	-4.48032303E+01	
4.20000000E+01	-4.43021750E+01	-4.35529101E+01	-4.38547812E+01	-4.40711403E+01	-4.42881284E+01	-4.43474408E+01	-4.43189941E+01	
4.30000000E+01	-4.34686492E+01	-4.32775024E+01	-4.34444604E+01	-4.35903956E+01	-4.36435594E+01	-4.36390763E+01	-4.35151300E+01	
4.40000000E+01	-4.25131393E+01	-4.29082161E+01	-4.29308852E+01	-4.29862383E+01	-4.28673942E+01	-4.28014273E+01	-4.25894589E+01	
4.50000000E+01	-4.16101217E+01	-4.25267659E+01	-4.24158420E+01	-4.23807860E+01	-4.21122564E+01	-4.19944040E+01	-4.17100551E+01	
4.60000000E+01	-4.08606942E+01	-4.22128796E+01	-4.19873936E+01	-4.18726668E+01	-4.14828207E+01	-4.13229484E+01	-4.09795182E+01	
4.70000000E+01	-4.03177690E+01	-4.20292442E+01	-4.17088429E+01	-4.15264684E+01	-4.10392788E+01	-4.08445940E+01	-4.04519991E+01	
4.80000000E+01	-4.00047862E+01	-4.20204299E+01	-4.16217198E+01	-4.13812795E+01	-4.08133191E+01	-4.05882329E+01	-4.01519568E+01	
4.90000000E+01	-3.99324350E+01	-4.22159515E+01	-4.17522138E+01	-4.14602196E+01	-4.08212762E+01	-4.05684647E+01	-4.00913819E+01	
5.00000000E+01	-4.01069582E+01	-4.26345249E+01	-4.21163719E+01	-4.17764053E+01	-4.10705649E+01	-4.07917966E+01	-4.02761948E+01	
5.10000000E+01	-4.05284021E+01	-4.32846160E+01	-4.27216740E+01	-4.23338239E+01	-4.15622215E+01	-4.12584435E+01	-4.07053619E+01	
5.20000000E+01	-4.11891581E+01	-4.41609478E+01	-4.35644205E+01	-4.31248319E+01	-4.22853531E+01	-4.19586334E+01	-4.13723011E+01	
5.30000000E+01	-4.20625298E+01	-4.52319356E+01	-4.46166704E+01	-4.41185924E+01	-4.32069856E+01	-4.28616361E+01	-4.22479260E+01	
5.40000000E+01	-4.30815691E+01	-4.64150429E+01	-4.58021156E+01	-4.52370416E+01	-4.42476817E+01	-4.38909833E+01	-4.32627002E+01	
5.50000000E+01	-4.41012458E+01	-4.75423511E+01	-4.69556781E+01	-4.63185044E+01	-4.52481526E+01	-4.48924666E+01	-4.42703780E+01	
5.60000000E+01	-4.48865733E+01	-4.83627867E+01	-4.78134385E+01	-4.71168266E+01	-4.59740478E+01	-4.56298466E+01	-4.50381580E+01	
5.70000000E+01	-4.52093764E+01	-4.86727910E+01	-4.81361729E+01	-4.74232991E+01	-4.62294530E+01	-4.58989158E+01	-4.53458883E+01	
5.80000000E+01	-4.50413535E+01	-4.85026022E+01	-4.79334348E+01	-4.72512061E+01	-4.60333888E+01	-4.57050136E+01	-4.51747528E+01	
5.90000000E+01	-4.45911260E+01	-4.80881877E+01	-4.74553082E+01	-4.68287987E+01	-4.56024629E+01	-4.52626894E+01	-4.47321645E+01	
6.00000000E+01	-4.41123823E+01	-4.76787376E+01	-4.69719211E+01	-4.64031227E+01	-4.51741190E+01	-4.48138231E+01	-4.42664378E+01	
6.10000000E+01	-4.37771934E+01	-4.74399230E+01	-4.66564237E+01	-4.61397619E+01	-4.49056079E+01	-4.45203477E+01	-4.39478584E+01	
6.20000000E+01	-4.36756857E+01	-4.74657000E+01	-4.66027148E+01	-4.61293157E+01	-4.48816432E+01	-4.44669070E+01	-4.38610437E+01	
6.30000000E+01	-4.38375103E+01	-4.78044585E+01	-4.68511147E+01	-4.64115349E+01	-4.51392155E+01	-4.46901539E+01	-4.40418344E+01	
6.40000000E+01	-4.42631639E+01	-4.84596285E+01	-4.73998190E+01	-4.69861368E+01	-4.56798660E+01	-4.51886714E+01	-4.44863571E+01	
6.50000000E+01	-4.49048406E+01	-4.93433756E+01	-4.81684815E+01	-4.77769523E+01	-4.64483539E+01	-4.59133985E+01	-4.51489340E+01	
6.60000000E+01	-4.56504208E+01	-5.01706522E+01	-4.89278053E+01	-4.85722211E+01	-4.72896490E+01	-4.67270913E+01	-4.59140417E+01	
6.70000000E+01	-4.63100673E+01	-5.04373272E+01	-4.92776516E+01	-4.89953196E+01	-4.79158710E+01	-4.73806230E+01	-4.65777629E+01	
6.80000000E+01	-4.66708083E+01	-4.98503694E+01	-4.89326323E+01	-4.87540586E+01	-4.80338788E+01	-4.76050605E+01	-4.69165842E+01	
6.90000000E+01	-4.66498668E+01	-4.87358057E+01	-4.80736880E+01	-4.79883575E+01	-4.76305446E+01	-4.73491243E+01	-4.68477811E+01	
7.00000000E+01	-4.63681054E+01	-4.75906969E+01	-4.71111111E+01	-4.70877063E+01	-4.69866575E+01	-4.68320875E+01	-4.65161697E+01	
7.10000000E+01	-4.60282580E+01	-4.66782241E+01	-4.63196043E+01	-4.63329456E+01	-4.63857195E+01	-4.63152877E+01	-4.61351138E+01	
7.20000000E+01	-4.57706374E+01	-4.60659729E+01	-4.57948613E+01	-4.58265781E+01	-4.59684974E+01	-4.59450876E+01	-4.58484096E+01	
7.30000000E+01	-4.56329554E+01	-4.57267066E+01	-4.55304317E+01	-4.55681180E+01	-4.57557514E+01	-4.57524873E+01	-4.56938868E+01	
7.40000000E+01	-4.55797524E+01	-4.55908363E+01	-4.54662181E+01	-4.54974411E+01	-4.56972587E+01	-4.56928640E+01	-4.56344828E+01	
7.50000000E+01	-4.55329966E+01	-4.55689670E+01	-4.55128209E+01	-4.55266652E+01	-4.57054994E+01	-4.56813975E+01	-4.55918089E+01	
7.60000000E+01	-4.54159411E+01	-4.55669360E+01	-4.55729118E+01	-4.55626608E+01	-4.56862758E+01	-4.56288099E+01	-4.54832083E+01	
7.70000000E+01	-4.51795903E+01	-4.55071493E+01	-4.55621187E+01	-4.55245343E+01	-4.55683738E+01	-4.54713987E+01	-4.52615882E+01	
7.80000000E+01	-4.48273538E+01	-4.53426369E+01	-4.54323380E+01	-4.53711794E+01	-4.53264737E+01	-4.51924518E+01	-4.49234878E+01	
7.90000000E+01	-4.44043203E+01	-4.50709930E+01	-4.51848559E+01	-4.51047564E+01	-4.49826498E+01	-4.48225934E+01	-4.45102990E+01	
8.00000000E+01	-4.39822748E+01	-4.47352705E+01	-4.48689958E+01	-4.47799331E+01	-4.46004005E+01	-4.44286349E+01	-4.40921735E+01	
8.10000000E+01	-4.36484482E+01	-4.44168866E+01	-4.45715985E+01	-4.44818125E+01	-4.42691973E+01	-4.40977293E+01	-4.37576549E+01	
8.20000000E+01	-4.34976372E+01	-4.42199578E+01	-4.43997311E+01	-4.43170836E+01	-4.40933836E+01	-4.39320636E+01	-4.36002928E+01	
8.30000000E+01	-4.36247421E+01	-4.42533594E+01	-4.44683718E+01	-4.43989272E+01	-4.41802639E+01	-4.40345681E+01	-4.37198162E+01	
8.40000000E+01	-4.41299187E+01	-4.46218648E+01	-4.48880379E+01	-4.48379132E+01	-4.46378491E+01	-4.45107109E+01	-4.42156421E+01	
8.50000000E+01	-4.51108527E+01	-4.54286745E+01	-4.57709161E+01	-4.57477595E+01	-4.55760378E+01	-4.54686021E+01	-4.51874891E+01	
8.60000000E+01	-4.66540712E+01	-4.67816816E+01	-4.72397709E+01	-4.72492718E+01	-4.71067769E+01	-4.70131427E+01	-4.67270594E+01	
8.70000000E+01	-4.87302823E+01	-4.87995338E+01	-4.94159998E+01	-4.94596571E+01	-4.92954223E+01	-4.91861998E+01	-4.88203435E+01	
8.80000000E+01	-5.07367395E+01	-5.15599755E+01	-5.22709630E+01	-5.22941587E+01	-5.18297022E+01	-5.15858633E+01	-5.09227935E+01	
8.90000000E+01	-5.10978160E+01	-5.46950895E+01	-5.47780950E+01	-5.45303576E+01	-5.31036424E+01	-5.25513468E+01	-5.14375916E+01	
9.00000000E+01	-4.96619349E+01	-5.62077665E+01	-5.45611247E+01	-5.39724897E+01	-5.19203209E+01	-5.12445173E+01	-5.00476176E+01	
9.10000000E+01	-4.79993467E+01	-5.48985147E+01	-5.25936665E+01	-5.19967353E+01	-5.00560874E+01	-4.94361956E+01	-4.83583985E+01	
9.20000000E+01	-4.67417509E+01	-5.28586532E+01	-5.07369467E+01	-5.02370278E+01	-4.85571914E+01	-4.80205605E+01	-4.70687229E+01	
9.30000000E+01	-4.58289273E+01	-5.08855425E+01	-4.91361655E+01	-4.87519544E+01	-4.73780522E+01	-4.69351486E+01	-4.61156863E+01	
9.40000000E+01	-4.49955438E+01	-4.88935692E+01	-4.75360429E+01	-4.72618524E+01	-4.62324394E+01	-4.58967917E+01	-4.52334410E+01	
9.50000000E+01	-4.40199465E+01	-4.69128564E+01	-4.58619471E+01	-4.56688863E+01	-4.49446245E+01	-4.47084085E+01	-4.42029285E+01	
9.60000000E+01	-4.28679602E+01	-4.51223854E+01	-4.42508536E+01	-4.40982516E+01	-4.35697832E+01	-4.33977318E+01	-4.30084626E+01	
9.70000000E+01	-4.16903112E+01	-4.36761076E+01	-4.28784420E+01	-4.27342563E+01	-4.22868408E+01	-4.21397073E+01	-4.18053104E+01	
9.80000000E+01	-4.06614114E+01	-4.26512823E+01	-4.18563137E+01	-4.16973453E+01	-4.12486756E+01	-4.10968774E+01	-4.07682817E+01	
9.90000000E+01	-3.98969782E+01	-4.20759459E+01	-4.12342885E+01	-4.10456395E+01	-4.05390845E+01	-4.03634172E+01	-4.00079291E+01	
1.00000000E+02	-3.94547713E+01	-4.19579070E+01	-4.10309625E+01	-4.07979753E+01	-4.01910783E+01	-3.99792140E+01	-3.95757360E+01	
1.01000000E+02	-3.93507744E+01	-4.23017927E+01	-4.12519677E+01	-4.09594584E+01	-4.02126417E+01	-3.99548060E+01	-3.94881936E+01	
1.02000000E+02	-3.95899456E+01	-4.31110551E+01	-4.18999463E+01	-4.15305705E+01	-4.05993814E+01	-4.02877598E+01	-3.97455368E+01	
1.03000000E+02	-4.01648881E+01	-4.43685985E+01	-4.29650269E+01	-4.25002351E+01	-4.13375229E+01	-4.09672901E+01	-4.03418892E+01	
1.04000000E+02	-4.10562779E+01	-4.59516448E+01	-4.43827478E+01	-4.38157795E+01	-4.23871343E+01	-4.19626586E+01	-4.12541091E+01	
1.05000000E+02	-4.22067367E+01	-4.73935423E+01	-4.59007246E+01	-4.52805515E+01	-4.36363808E+01	-4.31867604E+01	-4.24193965E+01	
1.06000000E+02	-4.34532790E+01	-4.77556554E+01	-4.68726456E+01	-4.63753534E+01	-4.48022733E+01	-4.44077615E+01	-4.36626269E+01	
1.07000000E+02	-4.44289590E+01	-4.66987794E+01	-4.65978368E+01	-4.64047325E+01	-4.53901868E+01	-4.51682928E+01	-4.45966449E+01	
1.08000000E+02	-4.46347015E+01	-4.50450396E+01	-4.53255842E+01	-4.53630121E+01	-4.50474409E+01	-4.50303023E+01	-4.47317256E+01	
1.09000000E+02	-4.39427544E+01	-4.34693028E+01	-4.38097271E+01	-4.39192670E+01	-4.40086486E+01	-4.40953923E+01	-4.39864234E+01	
1.10000000E+02	-4.27587062E+01	-4.21708106E+01	-4.24501968E+01	-4.25472827E+01	-4.27562832E+01	-4.28469786E+01	-4.27871874E+01	
1.11000000E+02	-4.15130827E+01	-4.11569445E+01	-4.13462378E+01	-4.14009165E+01	-4.15868566E+01	-4.16371061E+01	-4.15495744E+01	
1.12000000E+02	-4.04150550E+01	-4.03894431E+01	-4.04906991E+01	-4.04977688E+01	-4.06059023E+01	-4.06069612E+01	-4.04679893E+01	
1.13000000E+02	-3.95298028E+01	-3.98274344E+01	-3.98524727E+01	-3.98167079E+01	-3.98332441E+01	-3.97903628E+01	-3.95987154E+01	
1.14000000E+02	-3.88634355E+01	-3.94374909E+01	-3.94008114E+01	-3.93296859E+01	-3.92600237E+01	-3.91823963E+01	-3.89458863E+01	
1.15000000E+02	-3.84051913E+01	-3.91947332E+01	-3.91107549E+01	-3.90135735E+01	-3.88710944E+01	-3.87681726E+01	-3.84979356E+01	
1.16000000E+02	-3.81385338E+01	-3.90823139E+01	-3.89639883E+01	-3.88504712E+01	-3.86514932E+01	-3.85329851E+01	-3.82391304E+01	
1.17000000E+02	-3.80510542E+01	-3.90891454E+01	-3.89474162E+01	-3.88271270E+01	-3.85884938E+01	-3.84628859E+01	-3.81559419E+01	
1.18000000E+02	-3.81272308E+01	-3.92076107E+01	-3.90511895E+01	-3.89328786E+01	-3.86707344E+01	-3.85457579E+01	-3.82347135E+01	
1.19000000E+02	-3.83543526E+01	-3.94311918E+01	-3.92658614E+01	-3.91562876E+01	-3.88862730E+01	-3.87677231E+01	-3.84614179E+01	
1.20000000E+02	-3.87152625E+01	-3.97513080E+01	-3.95800402E+01	-3.94856736E+01	-3.92202826E+01	-3.91140271E+01	-3.88190944E+01	
1.21000000E+02	-3.91883868E+01	-4.01553965E+01	-3.99778240E+01	-3.99022516E+01	-3.96534323E+01	-3.95637821E+01	-3.92873528E+01	
1.22000000E+02	-3.97465994E+01	-4.06254856E+01	-4.04387890E+01	-4.03838580E+01	-4.01603242E+01	-4.00900667E+01	-3.98381917E+01	
1.23000000E+02	-4.03535285E+01	-4.11375214E+01	-4.09355664E+01	-4.09005968E+01	-4.07085891E+01	-4.06594128E+01	-4.04364797E+01	
1.24000000E+02	-4.09667339E+01	-4.16615278E+01	-4.14364203E+01	-4.14186172E+01	-4.12589617E+01	-4.12303694E+01	-4.10390359E+01	
1.25000000E+02	-4.15359657E+01	-4.21626026E+01	-4.19055602E+01	-4.18990441E+01	-4.17677150E+01	-4.17577313E+01	-4.15978325E+01	
1.26000000E+02	-4.20080246E+01	-4.26026649E+01	-4.23057895E+01	-4.23023923E+01	-4.21885503E+01	-4.21920741E+01	-4.20598173E+01	
1.27000000E+02	-4.23297699E+01	-4.29428693E+01	-4.26012126E+01	-4.25913500E+01	-4.24781470E+01	-4.24882790E+01	-4.23745146E+01	
1.28000000E+02	-4.24613011E+01	-4.31477418E+01	-4.27612802E+01	-4.27349063E+01	-4.26016405E+01	-4.26105002E+01	-4.25021320E+01	
1.29000000E+02	-4.23810413E+01	-4.31929653E+01	-4.27667074E+01	-4.27157478E+01	-4.25425861E+01	-4.25411789E+01	-4.24239049E+01	
1.30000000E+02	-4.21019129E+01	-4.30726709E+01	-4.26153988E+01	-4.25354914E+01	-4.23079683E+01	-4.22892744E+01	-4.21508842E+01	
1.31000000E+02	-4.16650041E+01	-4.28041957E+01	-4.23258538E+01	-4.22164588E+01	-4.19293336E+01	-4.18895034E+01	-4.17223277E+01	
1.32000000E+02	-4.11263014E+01	-4.24232578E+01	-4.19328281E+01	-4.17975864E+01	-4.14540959E+01	-4.13920907E+01	-4.11939231E+01	
1.33000000E+02	-4.05472176E+01	-4.19749078E+01	-4.14791979E+01	-4.13246937E+01	-4.09325944E+01	-4.08501217E+01	-4.06238094E+01	
1.34000000E+02	-3.99754880E+01	-4.15035043E+01	-4.10074494E+01	-4.08402098E+01	-4.04093534E+01	-4.03098511E+01	-4.00601249E+01	
1.35000000E+02	-3.94475563E+01	-4.10464486E+01	-4.05529446E+01	-4.03789961E+01	-3.99187956E+01	-3.98060623E+01	-3.95386325E+01	
1.36000000E+02	-3.89872945E+01	-4.06322685E+01	-4.01434703E+01	-3.99665168E+01	-3.94851454E+01	-3.93627587E+01	-3.90829167E+01	
1.37000000E+02	-3.86088389E+01	-4.02810851E+01	-3.97987719E+01	-3.96213438E+01	-3.91234123E+01	-3.89946576E+01	-3.87074560E+01	
1.38000000E+02	-3.83201886E+01	-4.00066097E+01	-3.95321735E+01	-3.93547043E+01	-3.88431792E+01	-3.87105840E+01	-3.84203071E+01	
1.39000000E+02	-3.81248415E+01	-3.98177676E+01	-3.93522659E+01	-3.91739451E+01	-3.86494349E+01	-3.85146192E+01	-3.82246578E+01	
1.40000000E+02	-3.80238319E+01	-3.97198738E+01	-3.92646183E+01	-3.90836385E+01	-3.85444896E+01	-3.84088450E+01	-3.81218170E+01	
1.41000000E+02	-3.80162093E+01	-3.97158956E+01	-3.92722951E+01	-3.90857135E+01	-3.85290678E+01	-3.83931629E+01	-3.81113406E+01	
1.42000000E+02	-3.81004403E+01	-3.98070048E+01	-3.93765010E+01	-3.91818690E+01	-3.86027420E+01	-3.84667815E+01	-3.81917041E+01	
1.43000000E+02	-3.82751523E+01	-3.99931667E+01	-3.95778728E+01	-3.93719149E+01	-3.87648207E+01	-3.86286980E+01	-3.83612281E+01	
1.44000000E+02	-3.85388205E+01	-4.02733619E+01	-3.98761183E+01	-3.96559738E+01	-3.90140820E+01	-3.88772954E+01	-3.86184880E+01	
1.45000000E+02	-3.88901526E+01	-4.06463091E+01	-4.02709991E+01	-4.00341619E+01	-3.93500776E+01	-3.92119213E+01	-3.89626715E+01	
1.46000000E+02	-3.93291109E+01	-4.11107199E+01	-4.07625972E+01	-4.05073854E+01	-3.97725099E+01	-3.96323342E+01	-3.93927583E+01	
1.47000000E+02	-3.98557814E+01	-4.16661638E+01	-4.13522864E+01	-4.10774849E+01	-4.02828454E+01	-4.01393877E+01	-3.99105087E+01	
1.48000000E+02	-4.04743754E+01	-4.23135438E+01	-4.20432179E+01	-4.17489134E+01	-4.08838651E+01	-4.07362328E+01	-4.05183288E+01	
1.49000000E+02	-4.11898923E+01	-4.30563029E+01	-4.28412564E+01	-4.25287420E+01	-4.15811997E+01	-4.14278263E+01	-4.12215874E+01	
1.50000000E+02	-4.20120351E+01	-4.39013288E+01	-4.37571444E+01	-4.34285956E+01	-4.23840687E+01	-4.22231483E+01	-4.20297641E+01	
1.51000000E+02	-4.29565281E+01	-4.48603877E+01	-4.48066623E+01	-4.44669975E+01	-4.33060568E+01	-4.31355911E+01	-4.29564518E+01	
1.52000000E+02	-4.40429270E+01	-4.59527247E+01	-4.60159551E+01	-4.56719415E+01	-4.43680080E+01	-4.41848809E+01	-4.40228891E+01	
1.53000000E+02	-4.53059028E+01	-4.72074637E+01	-4.74239148E+01	-4.70866974E+01	-4.56000134E+01	-4.54003343E+01	-4.52604001E+01	
1.54000000E+02	-4.67958225E+01	-4.86696557E+01	-4.90914637E+01	-4.87813562E+01	-4.70476198E+01	-4.68256057E+01	-4.67163816E+01	
1.55000000E+02	-4.85938958E+01	-5.04096664E+01	-5.11173185E+01	-5.08755680E+01	-4.87811959E+01	-4.85286262E+01	-4.84644894E+01	
1.56000000E+02	-5.08406379E+01	-5.25454997E+01	-5.36702157E+01	-5.35995425E+01	-5.09142892E+01	-5.06174495E+01	-5.06338533E+01	
1.57000000E+02	-5.38157276E+01	-5.52865989E+01	-5.70405577E+01	-5.74881006E+01	-5.36407842E+01	-5.32777947E+01	-5.34590711E+01	
1.58000000E+02	-5.81659266E+01	-5.90344703E+01	-6.14856116E+01	-6.43950529E+01	-5.72729105E+01	-5.68214777E+01	-5.74499634E+01	
1.59000000E+02	-6.56819569E+01	-6.42574946E+01	-6.38908663E+01	-7.81304735E+01	-6.16773987E+01	-6.13186614E+01	-6.35679712E+01	
1.60000000E+02	-6.56356604E+01	-6.57477786E+01	-6.01671863E+01	-6.20559047E+01	-6.19567341E+01	-6.24023891E+01	-6.49432171E+01	
1.61000000E+02	-5.85711233E+01	-6.07955410E+01	-5.64819153E+01	-5.68832587E+01	-5.79181785E+01	-5.83608445E+01	-5.88508216E+01	
1.62000000E+02	-5.46153985E+01	-5.70520806E+01	-5.38419590E+01	-5.38243901E+01	-5.46102008E+01	-5.49013498E+01	-5.49126584E+01	
1.63000000E+02	-5.20148948E+01	-5.44734825E+01	-5.18964700E+01	-5.17064358E+01	-5.22166342E+01	-5.24137312E+01	-5.22788736E+01	
1.64000000E+02	-5.01309059E+01	-5.25878825E+01	-5.04075242E+01	-5.01280945E+01	-5.04235324E+01	-5.05608514E+01	-5.03660178E+01	
1.65000000E+02	-4.86907679E+01	-5.11480263E+01	-4.92377116E+01	-4.89049643E+01	-4.90330143E+01	-4.91297581E+01	-4.89041766E+01	
1.66000000E+02	-4.75558007E+01	-5.00189168E+01	-4.83044246E+01	-4.79360934E+01	-4.79293769E+01	-4.79966493E+01	-4.77513569E+01	
1.67000000E+02	-4.66441966E+01	-4.91198582E+01	-4.75541290E+01	-4.71598321E+01	-4.70411200E+01	-4.70851258E+01	-4.68263356E+01	
1.68000000E+02	-4.59042658E+01	-4.83994048E+01	-4.69504823E+01	-4.65355136E+01	-4.63205265E+01	-4.63456189E+01	-4.60760028E+01	
1.69000000E+02	-4.53025588E+01	-4.78230094E+01	-4.64682561E+01	-4.60358319E+01	-4.57356699E+01	-4.57443666E+01	-4.54649745E+01	
1.70000000E+02	-4.48135838E+01	-4.73659080E+01	-4.60885697E+01	-4.56406002E+01	-4.52630595E+01	-4.52573869E+01	-4.49687422E+01	
1.71000000E+02	-4.44201796E+01	-4.70106788E+01	-4.57980959E+01	-4.53351963E+01	-4.48858072E+01	-4.48671203E+01	-4.45694243E+01	
1.72000000E+02	-4.41085419E+01	-4.67440209E+01	-4.55859368E+01	-4.51085260E+01	-4.45910897E+01	-4.45602193E+01	-4.42529066E+01	
1.73000000E+02	-4.38690332E+01	-4.65562747E+01	-4.54445957E+01	-4.49525145E+01	-4.43691988E+01	-4.43267104E+01	-4.40093753E+01	
1.74000000E+02	-4.36941002E+01	-4.64401587E+01	-4.53679169E+01	-4.48608192E+01	-4.42127580E+01	-4.41589495E+01	-4.38306860E+01	
1.75000000E+02	-4.35772886E+01	-4.63905426E+01	-4.53520305E+01	-4.48287826E+01	-4.41164418E+01	-4.40510841E+01	-4.37113758E+01	
1.76000000E+02	-4.35146879E+01	-4.64038250E+01	-4.53938562E+01	-4.48536602E+01	-4.40758179E+01	-4.39991189E+01	-4.36465961E+01	
1.77000000E+02	-4.35027281E+01	-4.64778394E+01	-4.54919646E+01	-4.49334701E+01	-4.40883228E+01	-4.39997803E+01	-4.36329656E+01	
1.78000000E+02	-4.35389622E+01	-4.66117888E+01	-4.56457607E+01	-4.50673862E+01	-4.41519415E+01	-4.40511032E+01	-4.36684847E+01	
1.79000000E+02	-4.36220623E+01	-4.68061377E+01	-4.58558747E+01	-4.52556312E+01	-4.42659451E+01	-4.41520634E+01	-4.37514287E+01	
1.80000000E+02	-4.37518282E+01	-4.70625175E+01	-4.61240648E+01	-4.54994531E+01	-4.44301324E+01	-4.43021617E+01	-4.38812016E+01	
