Far field
"Plane Wave Phi"[deg]	"2Blades_SEP_lam4_Carbide [dBsm]"	"2Blades_SEP_lam10_Carbide [dBsm]"	"2Blades_SEP_lam20_Carbide [dBsm]"	"2Blades_SEP_lam40_Carbide [dBsm]"	"2Blades_SEP_lam80_Carbide [dBsm]"	"2Blades_SEP_lam60_Carbide [dBsm]"	"2Blades_SEP_lam16_Carbide [dBsm]"	"2Blades_SEP_lam32_Carbide [dBsm]"	
-1.80000000E+02	-5.60357382E+01	-5.76926389E+01	-5.83977705E+01	-6.30282601E+01	-6.43215632E+01	-6.41384678E+01	-5.78085832E+01	-6.10719205E+01	
-1.79000000E+02	-5.63378742E+01	-5.80630146E+01	-5.88364050E+01	-6.42734382E+01	-6.56184021E+01	-6.54594823E+01	-5.81863829E+01	-6.19271281E+01	
-1.78000000E+02	-5.66963063E+01	-5.85069894E+01	-5.93652581E+01	-6.58946240E+01	-6.71882385E+01	-6.71021726E+01	-5.86434495E+01	-6.29943419E+01	
-1.77000000E+02	-5.71161856E+01	-5.90330633E+01	-6.00002534E+01	-6.80954585E+01	-6.89623191E+01	-6.90787405E+01	-5.91894717E+01	-6.42715114E+01	
-1.76000000E+02	-5.76033950E+01	-5.96521818E+01	-6.07526362E+01	-7.13265415E+01	-7.04770232E+01	-7.10804366E+01	-5.98376435E+01	-6.58834057E+01	
-1.75000000E+02	-5.81654408E+01	-6.03782464E+01	-6.16542218E+01	-7.69476694E+01	-7.06676599E+01	-7.18768723E+01	-6.06043375E+01	-6.79072134E+01	
-1.74000000E+02	-5.88116353E+01	-6.12304410E+01	-6.27342994E+01	-8.94632473E+01	-6.91221957E+01	-7.03986574E+01	-6.15126435E+01	-7.03767015E+01	
-1.73000000E+02	-5.95529887E+01	-6.22322666E+01	-6.40371457E+01	-7.64935566E+01	-6.68763819E+01	-6.78793655E+01	-6.25948329E+01	-7.27537541E+01	
-1.72000000E+02	-6.04040155E+01	-6.34200039E+01	-6.56543513E+01	-7.05039741E+01	-6.46884679E+01	-6.54535051E+01	-6.38964904E+01	-7.28986417E+01	
-1.71000000E+02	-6.13826977E+01	-6.48435679E+01	-6.76980024E+01	-6.68925616E+01	-6.27658591E+01	-6.33688378E+01	-6.54891107E+01	-7.03774112E+01	
-1.70000000E+02	-6.25130991E+01	-6.65838004E+01	-7.04274473E+01	-6.43113895E+01	-6.11135076E+01	-6.16062059E+01	-6.74938179E+01	-6.75839580E+01	
-1.69000000E+02	-6.38279547E+01	-6.87794914E+01	-7.41923459E+01	-6.23147225E+01	-5.96905689E+01	-6.01098222E+01	-7.01357262E+01	-6.52071526E+01	
-1.68000000E+02	-6.53735392E+01	-7.16948340E+01	-7.91712867E+01	-6.07025543E+01	-5.84628039E+01	-5.88291498E+01	-7.39343818E+01	-6.33014619E+01	
-1.67000000E+02	-6.72187431E+01	-7.59770752E+01	-7.90342534E+01	-5.93688053E+01	-5.73996947E+01	-5.77281167E+01	-8.06162692E+01	-6.17123371E+01	
-1.66000000E+02	-6.94744311E+01	-8.40798551E+01	-7.42703794E+01	-5.82502517E+01	-5.64804515E+01	-5.67795934E+01	-9.39986683E+01	-6.04034964E+01	
-1.65000000E+02	-7.23400436E+01	-8.93455399E+01	-7.07730383E+01	-5.73072087E+01	-5.56858991E+01	-5.59641263E+01	-7.88974577E+01	-5.93034144E+01	
-1.64000000E+02	-7.62352266E+01	-7.87228802E+01	-6.83715446E+01	-5.65133869E+01	-5.50053860E+01	-5.52675060E+01	-7.37456771E+01	-5.84012578E+01	
-1.63000000E+02	-8.23019649E+01	-7.44077396E+01	-6.66131521E+01	-5.58491137E+01	-5.44302641E+01	-5.46797445E+01	-7.07926095E+01	-5.76514389E+01	
-1.62000000E+02	-9.22543595E+01	-7.18935063E+01	-6.53085021E+01	-5.53020299E+01	-5.39524593E+01	-5.41923918E+01	-6.88355951E+01	-5.70373856E+01	
-1.61000000E+02	-8.43891351E+01	-7.02789447E+01	-6.43401726E+01	-5.48622549E+01	-5.35669031E+01	-5.37988739E+01	-6.74771903E+01	-5.65643627E+01	
-1.60000000E+02	-7.96031685E+01	-6.92367892E+01	-6.36573809E+01	-5.45213333E+01	-5.32683916E+01	-5.34948207E+01	-6.65280717E+01	-5.61936282E+01	
-1.59000000E+02	-7.71542431E+01	-6.86113778E+01	-6.31688726E+01	-5.42726782E+01	-5.30528500E+01	-5.32742230E+01	-6.58893713E+01	-5.59315694E+01	
-1.58000000E+02	-7.57803696E+01	-6.83107755E+01	-6.28747403E+01	-5.41098282E+01	-5.29155380E+01	-5.31327282E+01	-6.54906906E+01	-5.57636049E+01	
-1.57000000E+02	-7.49699015E+01	-6.82708186E+01	-6.27296319E+01	-5.40245356E+01	-5.28515963E+01	-5.30647701E+01	-6.52798854E+01	-5.56807090E+01	
-1.56000000E+02	-7.43903236E+01	-6.84282544E+01	-6.27170195E+01	-5.40085725E+01	-5.28548180E+01	-5.30636846E+01	-6.52023919E+01	-5.56763612E+01	
-1.55000000E+02	-7.37628134E+01	-6.86976599E+01	-6.27841710E+01	-5.40524534E+01	-5.29177962E+01	-5.31210458E+01	-6.52030518E+01	-5.57406052E+01	
-1.54000000E+02	-7.29015249E+01	-6.89740701E+01	-6.29041614E+01	-5.41442649E+01	-5.30306138E+01	-5.32263866E+01	-6.52190015E+01	-5.58574775E+01	
-1.53000000E+02	-7.18117549E+01	-6.91315914E+01	-6.30144595E+01	-5.42691271E+01	-5.31827668E+01	-5.33695065E+01	-6.51914769E+01	-5.59847354E+01	
-1.52000000E+02	-7.06447095E+01	-6.90868658E+01	-6.30749470E+01	-5.44130874E+01	-5.33616403E+01	-5.35370046E+01	-6.50762852E+01	-5.61309298E+01	
-1.51000000E+02	-6.95815518E+01	-6.88500419E+01	-6.30516562E+01	-5.45615198E+01	-5.35538755E+01	-5.37161059E+01	-6.48662314E+01	-5.62483923E+01	
-1.50000000E+02	-6.87591954E+01	-6.85141397E+01	-6.29356748E+01	-5.47013305E+01	-5.37475852E+01	-5.38954485E+01	-6.45805266E+01	-5.63418366E+01	
-1.49000000E+02	-6.82650138E+01	-6.81852818E+01	-6.27237483E+01	-5.48229221E+01	-5.39306909E+01	-5.40654968E+01	-6.42490298E+01	-5.63793936E+01	
-1.48000000E+02	-6.81520281E+01	-6.79111950E+01	-6.24086101E+01	-5.49192753E+01	-5.40940018E+01	-5.42174651E+01	-6.38759463E+01	-5.63687406E+01	
-1.47000000E+02	-6.84190902E+01	-6.76206387E+01	-6.19829242E+01	-5.49834141E+01	-5.42248979E+01	-5.43427457E+01	-6.34269617E+01	-5.62949037E+01	
-1.46000000E+02	-6.88938110E+01	-6.70822301E+01	-6.14073991E+01	-5.50054852E+01	-5.43113820E+01	-5.44301172E+01	-6.28181896E+01	-5.61588260E+01	
-1.45000000E+02	-6.89428197E+01	-6.60069241E+01	-6.06429693E+01	-5.49718296E+01	-5.43346262E+01	-5.44617825E+01	-6.19534741E+01	-5.59388581E+01	
-1.44000000E+02	-6.76310400E+01	-6.43237421E+01	-5.96666337E+01	-5.48619365E+01	-5.42743322E+01	-5.44157862E+01	-6.07970749E+01	-5.56399984E+01	
-1.43000000E+02	-6.50888682E+01	-6.22724796E+01	-5.85165090E+01	-5.46588972E+01	-5.41091688E+01	-5.42708026E+01	-5.94087484E+01	-5.52419209E+01	
-1.42000000E+02	-6.22685661E+01	-6.01602427E+01	-5.72475724E+01	-5.43547053E+01	-5.38339947E+01	-5.40149261E+01	-5.79094709E+01	-5.47611020E+01	
-1.41000000E+02	-5.96830515E+01	-5.81749038E+01	-5.59751516E+01	-5.39589214E+01	-5.34555743E+01	-5.36539023E+01	-5.64195209E+01	-5.42058801E+01	
-1.40000000E+02	-5.74478191E+01	-5.63948344E+01	-5.47544371E+01	-5.35001017E+01	-5.30027324E+01	-5.32153843E+01	-5.50204814E+01	-5.36233181E+01	
-1.39000000E+02	-5.55498531E+01	-5.48385287E+01	-5.36325282E+01	-5.30177112E+01	-5.25144171E+01	-5.27381486E+01	-5.37610915E+01	-5.30502863E+01	
-1.38000000E+02	-5.39477652E+01	-5.34974571E+01	-5.26349065E+01	-5.25538799E+01	-5.20301992E+01	-5.22641354E+01	-5.26570097E+01	-5.25137753E+01	
-1.37000000E+02	-5.25993126E+01	-5.23523044E+01	-5.17770843E+01	-5.21387605E+01	-5.15812392E+01	-5.18259796E+01	-5.17106260E+01	-5.20533972E+01	
-1.36000000E+02	-5.14641057E+01	-5.13764760E+01	-5.10398123E+01	-5.17915336E+01	-5.11829574E+01	-5.14419282E+01	-5.09085692E+01	-5.16640713E+01	
-1.35000000E+02	-5.05035501E+01	-5.05401566E+01	-5.04157160E+01	-5.15119501E+01	-5.08381112E+01	-5.11135383E+01	-5.02296932E+01	-5.13469795E+01	
-1.34000000E+02	-4.96787645E+01	-4.98088436E+01	-4.98800285E+01	-5.12822372E+01	-5.05271794E+01	-5.08235181E+01	-4.96430628E+01	-5.10755032E+01	
-1.33000000E+02	-4.89497189E+01	-4.91447294E+01	-4.93892592E+01	-5.10647320E+01	-5.02203949E+01	-5.05390761E+01	-4.91125514E+01	-5.08385993E+01	
-1.32000000E+02	-4.82756796E+01	-4.85085742E+01	-4.89092126E+01	-5.08060692E+01	-4.98733600E+01	-5.02131377E+01	-4.85954052E+01	-5.05535067E+01	
-1.31000000E+02	-4.76167540E+01	-4.78617289E+01	-4.83921739E+01	-5.04434222E+01	-4.94377280E+01	-4.97924821E+01	-4.80492551E+01	-5.01791643E+01	
-1.30000000E+02	-4.69376910E+01	-4.71708613E+01	-4.77983458E+01	-4.99179521E+01	-4.88695066E+01	-4.92286879E+01	-4.74365691E+01	-4.96539985E+01	
-1.29000000E+02	-4.62112240E+01	-4.64116244E+01	-4.71034960E+01	-4.91911616E+01	-4.81416495E+01	-4.84901673E+01	-4.67296095E+01	-4.89489514E+01	
-1.28000000E+02	-4.54212714E+01	-4.55722417E+01	-4.62916822E+01	-4.82599032E+01	-4.72495193E+01	-4.75751819E+01	-4.59163333E+01	-4.80545081E+01	
-1.27000000E+02	-4.45643683E+01	-4.46548126E+01	-4.53704633E+01	-4.71574211E+01	-4.62168068E+01	-4.65105145E+01	-4.50028096E+01	-4.69955717E+01	
-1.26000000E+02	-4.36495076E+01	-4.36750656E+01	-4.43644976E+01	-4.59440176E+01	-4.50890075E+01	-4.53464497E+01	-4.40111130E+01	-4.58244981E+01	
-1.25000000E+02	-4.26958920E+01	-4.26602443E+01	-4.33127404E+01	-4.46879742E+01	-4.39212514E+01	-4.41439317E+01	-4.29755382E+01	-4.46077211E+01	
-1.24000000E+02	-4.17295989E+01	-4.16428434E+01	-4.22564738E+01	-4.34541575E+01	-4.27702029E+01	-4.29614467E+01	-4.19346974E+01	-4.34056444E+01	
-1.23000000E+02	-4.07793591E+01	-4.06561527E+01	-4.12335950E+01	-4.22929987E+01	-4.16827756E+01	-4.18476364E+01	-4.09271981E+01	-4.22664801E+01	
-1.22000000E+02	-3.98723801E+01	-3.97290599E+01	-4.02791978E+01	-4.12400882E+01	-4.06940679E+01	-4.08376971E+01	-3.99845328E+01	-4.12253487E+01	
-1.21000000E+02	-3.90310296E+01	-3.88832943E+01	-3.94136522E+01	-4.03157512E+01	-3.98261161E+01	-3.99528271E+01	-3.91291079E+01	-4.03078499E+01	
-1.20000000E+02	-3.82709835E+01	-3.81321929E+01	-3.86499525E+01	-3.95271797E+01	-3.90883999E+01	-3.92022128E+01	-3.83740160E+01	-3.95154097E+01	
-1.19000000E+02	-3.76001275E+01	-3.74805195E+01	-3.79897874E+01	-3.88693701E+01	-3.84786356E+01	-3.85826049E+01	-3.77222079E+01	-3.88496219E+01	
-1.18000000E+02	-3.70185613E+01	-3.69249019E+01	-3.74255719E+01	-3.83276284E+01	-3.79848127E+01	-3.80805667E+01	-3.71678558E+01	-3.82924126E+01	
-1.17000000E+02	-3.65192059E+01	-3.64550944E+01	-3.69424912E+01	-3.78773043E+01	-3.75839155E+01	-3.76724933E+01	-3.66976343E+01	-3.78257091E+01	
-1.16000000E+02	-3.60889071E+01	-3.60551406E+01	-3.65216378E+01	-3.74870730E+01	-3.72445190E+01	-3.73264162E+01	-3.62921834E+01	-3.74159535E+01	
-1.15000000E+02	-3.57102244E+01	-3.57053644E+01	-3.61394108E+01	-3.71218611E+01	-3.69302543E+01	-3.70052384E+01	-3.59288448E+01	-3.70353675E+01	
-1.14000000E+02	-3.53638724E+01	-3.53846699E+01	-3.57737634E+01	-3.67485958E+01	-3.66037133E+01	-3.66718546E+01	-3.55841963E+01	-3.66548835E+01	
-1.13000000E+02	-3.50314068E+01	-3.50730604E+01	-3.54045700E+01	-3.63410477E+01	-3.62343778E+01	-3.62954602E+01	-3.52375317E+01	-3.62499710E+01	
-1.12000000E+02	-3.46979353E+01	-3.47540434E+01	-3.50180075E+01	-3.58847516E+01	-3.58035208E+01	-3.58587681E+01	-3.48737865E+01	-3.58055544E+01	
-1.11000000E+02	-3.43542532E+01	-3.44170631E+01	-3.46095699E+01	-3.53791772E+01	-3.53099497E+01	-3.53600483E+01	-3.44856574E+01	-3.53214163E+01	
-1.10000000E+02	-3.39980677E+01	-3.40596134E+01	-3.41796194E+01	-3.48365350E+01	-3.47678969E+01	-3.48141727E+01	-3.40755236E+01	-3.48025111E+01	
-1.09000000E+02	-3.36342736E+01	-3.36881768E+01	-3.37420945E+01	-3.42792720E+01	-3.42035370E+01	-3.42472947E+01	-3.36554590E+01	-3.42713387E+01	
-1.08000000E+02	-3.32742312E+01	-3.33178567E+01	-3.33152050E+01	-3.37351183E+01	-3.36494367E+01	-3.36911929E+01	-3.32456711E+01	-3.37504136E+01	
-1.07000000E+02	-3.29339060E+01	-3.29699473E+01	-3.29231276E+01	-3.32321152E+01	-3.31368962E+01	-3.31773881E+01	-3.28712441E+01	-3.32652559E+01	
-1.06000000E+02	-3.26310847E+01	-3.26677751E+01	-3.25896231E+01	-3.27934917E+01	-3.26916207E+01	-3.27311375E+01	-3.25570992E+01	-3.28371190E+01	
-1.05000000E+02	-3.23821078E+01	-3.24319209E+01	-3.23338663E+01	-3.24336887E+01	-3.23293694E+01	-3.23680251E+01	-3.23238780E+01	-3.24810243E+01	
-1.04000000E+02	-3.21982183E+01	-3.22758710E+01	-3.21653012E+01	-3.21547289E+01	-3.20529530E+01	-3.20907948E+01	-3.21832172E+01	-3.22014565E+01	
-1.03000000E+02	-3.20827548E+01	-3.22028530E+01	-3.20839410E+01	-3.19450111E+01	-3.18510373E+01	-3.18877585E+01	-3.21359936E+01	-3.19879018E+01	
-1.02000000E+02	-3.20290581E+01	-3.22042422E+01	-3.20757970E+01	-3.17801982E+01	-3.16983102E+01	-3.17332691E+01	-3.21699538E+01	-3.18192909E+01	
-1.01000000E+02	-3.20199673E+01	-3.22595562E+01	-3.21156225E+01	-3.16258960E+01	-3.15578802E+01	-3.15906609E+01	-3.22600877E+01	-3.16659812E+01	
-1.00000000E+02	-3.20291815E+01	-3.23382392E+01	-3.21677462E+01	-3.14439006E+01	-3.13875252E+01	-3.14177105E+01	-3.23702761E+01	-3.14932633E+01	
-9.90000000E+01	-3.20250337E+01	-3.24031439E+01	-3.21890678E+01	-3.11988807E+01	-3.11474713E+01	-3.11753399E+01	-3.24558529E+01	-3.12683835E+01	
-9.80000000E+01	-3.19759233E+01	-3.24143882E+01	-3.21338096E+01	-3.08647957E+01	-3.08096374E+01	-3.08356174E+01	-3.24673332E+01	-3.09629542E+01	
-9.70000000E+01	-3.18562290E+01	-3.23337150E+01	-3.19593795E+01	-3.04297650E+01	-3.03637198E+01	-3.03883231E+01	-3.23567608E+01	-3.05609267E+01	
-9.60000000E+01	-3.16513654E+01	-3.21306026E+01	-3.16372275E+01	-2.99000738E+01	-2.98208023E+01	-2.98440731E+01	-3.20877439E+01	-3.00612713E+01	
-9.50000000E+01	-3.13609842E+01	-3.17913985E+01	-3.11689542E+01	-2.93023104E+01	-2.92129937E+01	-2.92341189E+01	-3.16527342E+01	-2.94860834E+01	
-9.40000000E+01	-3.10004474E+01	-3.13294019E+01	-3.05926481E+01	-2.86821695E+01	-2.85886169E+01	-2.86066245E+01	-3.10835346E+01	-2.88788030E+01	
-9.30000000E+01	-3.05998466E+01	-3.07873898E+01	-2.99742930E+01	-2.80973106E+01	-2.80049292E+01	-2.80193132E+01	-3.04468911E+01	-2.82993692E+01	
-9.20000000E+01	-3.01998644E+01	-3.02281156E+01	-2.93920384E+01	-2.76081009E+01	-2.75197623E+01	-2.75305230E+01	-2.98242285E+01	-2.78089614E+01	
-9.10000000E+01	-2.98454291E+01	-2.97181783E+01	-2.89153412E+01	-2.72698303E+01	-2.71854115E+01	-2.71933761E+01	-2.92906828E+01	-2.74652978E+01	
-9.00000000E+01	-2.95788584E+01	-2.93144232E+01	-2.85980369E+01	-2.71290354E+01	-2.70460149E+01	-2.70525241E+01	-2.89035602E+01	-2.73166836E+01	
-8.90000000E+01	-2.94350009E+01	-2.90576637E+01	-2.84747359E+01	-2.72231421E+01	-2.71376904E+01	-2.71444336E+01	-2.86995698E+01	-2.73993380E+01	
-8.80000000E+01	-2.94383784E+01	-2.89717259E+01	-2.85624948E+01	-2.75815889E+01	-2.74896770E+01	-2.74989747E+01	-2.86966554E+01	-2.77408889E+01	
-8.70000000E+01	-2.96021374E+01	-2.90649624E+01	-2.88625773E+01	-2.82273665E+01	-2.81262248E+01	-2.81403268E+01	-2.88958614E+01	-2.83587097E+01	
-8.60000000E+01	-2.99274857E+01	-2.93321680E+01	-2.93593217E+01	-2.91766154E+01	-2.90665005E+01	-2.90881045E+01	-2.92830269E+01	-2.92622975E+01	
-8.50000000E+01	-3.04030451E+01	-2.97562415E+01	-3.00195502E+01	-3.04352159E+01	-3.03235032E+01	-3.03551374E+01	-2.98288473E+01	-3.04435936E+01	
-8.40000000E+01	-3.10039041E+01	-3.03099803E+01	-3.07922495E+01	-3.19899564E+01	-3.18974884E+01	-3.19413678E+01	-3.04915490E+01	-3.18682268E+01	
-8.30000000E+01	-3.16907223E+01	-3.09584838E+01	-3.16171360E+01	-3.37908177E+01	-3.37623315E+01	-3.38191253E+01	-3.12220645E+01	-3.34584705E+01	
-8.20000000E+01	-3.24100176E+01	-3.16621667E+01	-3.24345711E+01	-3.57256250E+01	-3.58372412E+01	-3.59056534E+01	-3.19734397E+01	-3.50854948E+01	
-8.10000000E+01	-3.30971499E+01	-3.23783605E+01	-3.32053249E+01	-3.76039577E+01	-3.79433765E+01	-3.80200213E+01	-3.27076011E+01	-3.65790645E+01	
-8.00000000E+01	-3.36838541E+01	-3.30601046E+01	-3.39052628E+01	-3.91856372E+01	-3.97622000E+01	-3.98481749E+01	-3.33921379E+01	-3.78077063E+01	
-7.90000000E+01	-3.41112238E+01	-3.36525950E+01	-3.45042998E+01	-4.02401056E+01	-4.08749878E+01	-4.09820999E+01	-3.39858363E+01	-3.86902452E+01	
-7.80000000E+01	-3.43460411E+01	-3.40965218E+01	-3.49461540E+01	-4.05629633E+01	-4.09770079E+01	-4.11118071E+01	-3.44269183E+01	-3.91296837E+01	
-7.70000000E+01	-3.43932774E+01	-3.43467376E+01	-3.51527161E+01	-4.00592681E+01	-4.01563640E+01	-4.02972090E+01	-3.46500389E+01	-3.89901195E+01	
-7.60000000E+01	-3.42957738E+01	-3.44006975E+01	-3.50857956E+01	-3.89299772E+01	-3.88322756E+01	-3.89528418E+01	-3.46331551E+01	-3.82739871E+01	
-7.50000000E+01	-3.41191353E+01	-3.43094313E+01	-3.47997731E+01	-3.75733994E+01	-3.74204009E+01	-3.75106629E+01	-3.44310638E+01	-3.72244440E+01	
-7.40000000E+01	-3.39310259E+01	-3.41563738E+01	-3.44140415E+01	-3.63048604E+01	-3.61645166E+01	-3.62277788E+01	-3.41522285E+01	-3.61425719E+01	
-7.30000000E+01	-3.37862468E+01	-3.40229182E+01	-3.40572352E+01	-3.52757305E+01	-3.51663976E+01	-3.52097551E+01	-3.39049187E+01	-3.52207463E+01	
-7.20000000E+01	-3.37202431E+01	-3.39660552E+01	-3.38138057E+01	-3.45298688E+01	-3.44500127E+01	-3.44802210E+01	-3.37633794E+01	-3.45365103E+01	
-7.10000000E+01	-3.37494522E+01	-3.40131208E+01	-3.37235033E+01	-3.40591257E+01	-3.40016078E+01	-3.40241472E+01	-3.37618642E+01	-3.41024494E+01	
-7.00000000E+01	-3.38744918E+01	-3.41660169E+01	-3.37902757E+01	-3.38315692E+01	-3.37893064E+01	-3.38080328E+01	-3.39023811E+01	-3.38984944E+01	
-6.90000000E+01	-3.40843367E+01	-3.44085515E+01	-3.39945942E+01	-3.38043083E+01	-3.37711320E+01	-3.37891044E+01	-3.41641972E+01	-3.38866684E+01	
-6.80000000E+01	-3.43605174E+01	-3.47138964E+01	-3.43037521E+01	-3.39288607E+01	-3.38999750E+01	-3.39191540E+01	-3.45124737E+01	-3.40220723E+01	
-6.70000000E+01	-3.46813256E+01	-3.50521669E+01	-3.46757892E+01	-3.41553620E+01	-3.41260866E+01	-3.41476793E+01	-3.49061702E+01	-3.42561620E+01	
-6.60000000E+01	-3.50255860E+01	-3.53971776E+01	-3.50707757E+01	-3.44367077E+01	-3.44015922E+01	-3.44263983E+01	-3.53071394E+01	-3.45454816E+01	
-6.50000000E+01	-3.53759245E+01	-3.57309577E+01	-3.54569144E+01	-3.47329015E+01	-3.46857526E+01	-3.47141637E+01	-3.56865002E+01	-3.48507584E+01	
-6.40000000E+01	-3.57208822E+01	-3.60454348E+01	-3.58135878E+01	-3.50159026E+01	-3.49495789E+01	-3.49821627E+01	-3.60292070E+01	-3.51457369E+01	
-6.30000000E+01	-3.60561300E+01	-3.63413169E+01	-3.61335552E+01	-3.52716694E+01	-3.51799041E+01	-3.52165271E+01	-3.63340711E+01	-3.54178569E+01	
-6.20000000E+01	-3.63845885E+01	-3.66262641E+01	-3.64239876E+01	-3.55010472E+01	-3.53790131E+01	-3.54197256E+01	-3.66109061E+01	-3.56664519E+01	
-6.10000000E+01	-3.67155502E+01	-3.69129133E+01	-3.66990834E+01	-3.57165773E+01	-3.55625007E+01	-3.56069474E+01	-3.68767758E+01	-3.59044533E+01	
-6.00000000E+01	-3.70627898E+01	-3.72175462E+01	-3.69820799E+01	-3.59396702E+01	-3.57541804E+01	-3.58016566E+01	-3.71539409E+01	-3.61493514E+01	
-5.90000000E+01	-3.74419355E+01	-3.75579424E+01	-3.72969766E+01	-3.61946889E+01	-3.59800194E+01	-3.60302839E+01	-3.74661229E+01	-3.64263704E+01	
-5.80000000E+01	-3.78674409E+01	-3.79507523E+01	-3.76658118E+01	-3.65051485E+01	-3.62646828E+01	-3.63170656E+01	-3.78350680E+01	-3.67584728E+01	
-5.70000000E+01	-3.83499006E+01	-3.84087453E+01	-3.81083275E+01	-3.68894152E+01	-3.66263770E+01	-3.66807583E+01	-3.82784263E+01	-3.71628959E+01	
-5.60000000E+01	-3.88936880E+01	-3.89383122E+01	-3.86328382E+01	-3.73582399E+01	-3.70754951E+01	-3.71322817E+01	-3.88058277E+01	-3.76509504E+01	
-5.50000000E+01	-3.94963920E+01	-3.95375380E+01	-3.92416740E+01	-3.79131476E+01	-3.76142735E+01	-3.76729792E+01	-3.94180301E+01	-3.82226787E+01	
-5.40000000E+01	-4.01488490E+01	-4.01964449E+01	-3.99291538E+01	-3.85465642E+01	-3.82347488E+01	-3.82956957E+01	-4.01054272E+01	-3.88726723E+01	
-5.30000000E+01	-4.08369229E+01	-4.08979580E+01	-4.06767085E+01	-3.92420275E+01	-3.89205304E+01	-3.89838354E+01	-4.08491446E+01	-3.95850840E+01	
-5.20000000E+01	-4.15440554E+01	-4.16213049E+01	-4.14580298E+01	-3.99763862E+01	-3.96490045E+01	-3.97142812E+01	-4.16244234E+01	-4.03319378E+01	
-5.10000000E+01	-4.22547301E+01	-4.23464264E+01	-4.22495789E+01	-4.07231179E+01	-4.03917494E+01	-4.04595948E+01	-4.24039155E+01	-4.10881768E+01	
-5.00000000E+01	-4.29575495E+01	-4.30581678E+01	-4.30275540E+01	-4.14565336E+01	-4.11219388E+01	-4.11921980E+01	-4.31636485E+01	-4.18305803E+01	
-4.90000000E+01	-4.36463284E+01	-4.37485466E+01	-4.37699807E+01	-4.21556430E+01	-4.18141968E+01	-4.18884034E+01	-4.38883992E+01	-4.25345758E+01	
-4.80000000E+01	-4.43205421E+01	-4.44169168E+01	-4.44743109E+01	-4.28076450E+01	-4.24528105E+01	-4.25317647E+01	-4.45721631E+01	-4.31917202E+01	
-4.70000000E+01	-4.49839342E+01	-4.50671448E+01	-4.51328173E+01	-4.34077532E+01	-4.30299073E+01	-4.31158030E+01	-4.52170533E+01	-4.37959381E+01	
-4.60000000E+01	-4.56438938E+01	-4.57057820E+01	-4.57553436E+01	-4.39595834E+01	-4.35493707E+01	-4.36425198E+01	-4.58303439E+01	-4.43533099E+01	
-4.50000000E+01	-4.63115781E+01	-4.63412763E+01	-4.63443937E+01	-4.44733523E+01	-4.40226776E+01	-4.41239240E+01	-4.64245443E+01	-4.48726676E+01	
-4.40000000E+01	-4.70029178E+01	-4.69851175E+01	-4.69246207E+01	-4.49660414E+01	-4.44699205E+01	-4.45793225E+01	-4.70152728E+01	-4.53730053E+01	
-4.30000000E+01	-4.77392144E+01	-4.76535149E+01	-4.75154896E+01	-4.54607976E+01	-4.49169959E+01	-4.50341210E+01	-4.76251624E+01	-4.58771011E+01	
-4.20000000E+01	-4.85474594E+01	-4.83688275E+01	-4.81445488E+01	-4.59841599E+01	-4.53933435E+01	-4.55170371E+01	-4.82823832E+01	-4.64141650E+01	
-4.10000000E+01	-4.94594224E+01	-4.91595346E+01	-4.88387833E+01	-4.65651364E+01	-4.59279744E+01	-4.60585776E+01	-4.90195709E+01	-4.70134669E+01	
-4.00000000E+01	-5.05106849E+01	-5.00574771E+01	-4.96481279E+01	-4.72334515E+01	-4.65506596E+01	-4.66878740E+01	-4.98743037E+01	-4.77089970E+01	
-3.90000000E+01	-5.17390731E+01	-5.10966272E+01	-5.05992765E+01	-4.80165459E+01	-4.72871042E+01	-4.74313429E+01	-5.08846434E+01	-4.85206658E+01	
-3.80000000E+01	-5.31819880E+01	-5.23111591E+01	-5.17254019E+01	-4.89388569E+01	-4.81614328E+01	-4.83124146E+01	-5.20919294E+01	-4.94869399E+01	
-3.70000000E+01	-5.48695172E+01	-5.37305833E+01	-5.30651498E+01	-5.00234459E+01	-4.91931107E+01	-4.93525530E+01	-5.35357489E+01	-5.06317308E+01	
-3.60000000E+01	-5.67949157E+01	-5.53719897E+01	-5.46486201E+01	-5.12880199E+01	-5.04020857E+01	-5.05698460E+01	-5.52524872E+01	-5.19768307E+01	
-3.50000000E+01	-5.88299187E+01	-5.72108975E+01	-5.64715853E+01	-5.27448472E+01	-5.18049952E+01	-5.19787973E+01	-5.72513627E+01	-5.35435981E+01	
-3.40000000E+01	-6.05386138E+01	-5.91078830E+01	-5.84783267E+01	-5.43943411E+01	-5.34143834E+01	-5.35873641E+01	-5.94387298E+01	-5.53336228E+01	
-3.30000000E+01	-6.12017065E+01	-6.06880753E+01	-6.04001317E+01	-5.62030608E+01	-5.52301615E+01	-5.53859919E+01	-6.14116531E+01	-5.73167382E+01	
-3.20000000E+01	-6.06525524E+01	-6.14072818E+01	-6.16826671E+01	-5.80649640E+01	-5.72183051E+01	-5.73196728E+01	-6.23466632E+01	-5.93601541E+01	
-3.10000000E+01	-5.95436215E+01	-6.11287873E+01	-6.18375856E+01	-5.97418678E+01	-5.92599396E+01	-5.92322292E+01	-6.18929339E+01	-6.10793522E+01	
-3.00000000E+01	-5.84295502E+01	-6.03177375E+01	-6.11195791E+01	-6.08780630E+01	-6.10732474E+01	-6.08150226E+01	-6.07580316E+01	-6.19788778E+01	
-2.90000000E+01	-5.75080017E+01	-5.94363745E+01	-6.01658131E+01	-6.12609413E+01	-6.22339646E+01	-6.17057568E+01	-5.96104957E+01	-6.19082950E+01	
-2.80000000E+01	-5.68059594E+01	-5.86895363E+01	-5.93126654E+01	-6.10559546E+01	-6.25278593E+01	-6.18352986E+01	-5.86792556E+01	-6.12688954E+01	
-2.70000000E+01	-5.62973392E+01	-5.81242535E+01	-5.86407381E+01	-6.06038807E+01	-6.22144497E+01	-6.14972084E+01	-5.79914652E+01	-6.05282352E+01	
-2.60000000E+01	-5.59452791E+01	-5.77303264E+01	-5.81589269E+01	-6.01388580E+01	-6.16846754E+01	-6.10223236E+01	-5.75133885E+01	-5.98753966E+01	
-2.50000000E+01	-5.57133620E+01	-5.74773478E+01	-5.78332545E+01	-5.97608646E+01	-6.11772958E+01	-6.05866839E+01	-5.72040476E+01	-5.93910921E+01	
-2.40000000E+01	-5.55692795E+01	-5.73330221E+01	-5.76321016E+01	-5.94896917E+01	-6.07719621E+01	-6.02499240E+01	-5.70218041E+01	-5.90394036E+01	
-2.30000000E+01	-5.54848520E+01	-5.72659746E+01	-5.75156454E+01	-5.93148470E+01	-6.04779966E+01	-6.00150558E+01	-5.69320380E+01	-5.88000010E+01	
-2.20000000E+01	-5.54366885E+01	-5.72486472E+01	-5.74654269E+01	-5.92130877E+01	-6.02775846E+01	-5.98640077E+01	-5.69035019E+01	-5.86332923E+01	
-2.10000000E+01	-5.54062631E+01	-5.72570375E+01	-5.74407413E+01	-5.91611256E+01	-6.01443501E+01	-5.97719285E+01	-5.69113310E+01	-5.85356277E+01	
-2.00000000E+01	-5.53800227E+01	-5.72716814E+01	-5.74359839E+01	-5.91369783E+01	-6.00558211E+01	-5.97184179E+01	-5.69339757E+01	-5.84514483E+01	
-1.90000000E+01	-5.53483164E+01	-5.72790588E+01	-5.74214529E+01	-5.91246398E+01	-5.99925534E+01	-5.96840073E+01	-5.69568474E+01	-5.83817470E+01	
-1.80000000E+01	-5.53059473E+01	-5.72697156E+01	-5.73992637E+01	-5.91112884E+01	-5.99395498E+01	-5.96562942E+01	-5.69694998E+01	-5.83203406E+01	
-1.70000000E+01	-5.52513168E+01	-5.72393497E+01	-5.73620863E+01	-5.90906268E+01	-5.98888854E+01	-5.96277004E+01	-5.69661496E+01	-5.82457456E+01	
-1.60000000E+01	-5.51849428E+01	-5.71878545E+01	-5.73009406E+01	-5.90611597E+01	-5.98360807E+01	-5.95930225E+01	-5.69444656E+01	-5.81753728E+01	
-1.50000000E+01	-5.51095125E+01	-5.71179254E+01	-5.72327605E+01	-5.90252244E+01	-5.97806590E+01	-5.95549218E+01	-5.69058075E+01	-5.81071400E+01	
-1.40000000E+01	-5.50287660E+01	-5.70340636E+01	-5.71466070E+01	-5.89874182E+01	-5.97259132E+01	-5.95159196E+01	-5.68538259E+01	-5.80246939E+01	
-1.30000000E+01	-5.49470261E+01	-5.69420678E+01	-5.70616968E+01	-5.89530190E+01	-5.96787104E+01	-5.94811318E+01	-5.67938741E+01	-5.79507587E+01	
-1.20000000E+01	-5.48689456E+01	-5.68485626E+01	-5.69689206E+01	-5.89310825E+01	-5.96433996E+01	-5.94591678E+01	-5.67307289E+01	-5.79022897E+01	
-1.10000000E+01	-5.47989197E+01	-5.67594874E+01	-5.68885315E+01	-5.89290434E+01	-5.96306662E+01	-5.94569243E+01	-5.66710608E+01	-5.78640390E+01	
-1.00000000E+01	-5.47411887E+01	-5.66818332E+01	-5.68248607E+01	-5.89566140E+01	-5.96472434E+01	-5.94842473E+01	-5.66216770E+01	-5.78447663E+01	
-9.00000000E+00	-5.46998733E+01	-5.66210489E+01	-5.67732584E+01	-5.90213540E+01	-5.97026512E+01	-5.95496131E+01	-5.65876385E+01	-5.78653004E+01	
-8.00000000E+00	-5.46788709E+01	-5.65823206E+01	-5.67537260E+01	-5.91334386E+01	-5.98088571E+01	-5.96624843E+01	-5.65744189E+01	-5.79284173E+01	
-7.00000000E+00	-5.46812736E+01	-5.65707749E+01	-5.67590276E+01	-5.93021580E+01	-5.99714575E+01	-5.98316666E+01	-5.65884435E+01	-5.80409935E+01	
-6.00000000E+00	-5.47105451E+01	-5.65908571E+01	-5.68034136E+01	-5.95376070E+01	-6.02015179E+01	-6.00685004E+01	-5.66338517E+01	-5.81990743E+01	
-5.00000000E+00	-5.47697114E+01	-5.66464787E+01	-5.68854039E+01	-5.98509933E+01	-6.05103195E+01	-6.03828800E+01	-5.67155706E+01	-5.84227195E+01	
-4.00000000E+00	-5.48612321E+01	-5.67417535E+01	-5.70192582E+01	-6.02572239E+01	-6.09089534E+01	-6.07885816E+01	-5.68386475E+01	-5.87185495E+01	
-3.00000000E+00	-5.49880470E+01	-5.68810455E+01	-5.71972894E+01	-6.07723524E+01	-6.14096799E+01	-6.12982518E+01	-5.70072583E+01	-5.91108881E+01	
-2.00000000E+00	-5.51533462E+01	-5.70683789E+01	-5.74327137E+01	-6.14184808E+01	-6.20292630E+01	-6.19284223E+01	-5.72273510E+01	-5.95899731E+01	
-1.00000000E+00	-5.53596797E+01	-5.73080706E+01	-5.77320668E+01	-6.22265058E+01	-6.27781819E+01	-6.26956730E+01	-5.75031858E+01	-6.01802607E+01	
0.00000000E+00	-5.56105256E+01	-5.76052065E+01	-5.80936985E+01	-6.32362225E+01	-6.36665589E+01	-6.36172954E+01	-5.78415666E+01	-6.09070100E+01	
1.00000000E+00	-5.59093611E+01	-5.79653959E+01	-5.85342968E+01	-6.45098690E+01	-6.46869725E+01	-6.46957435E+01	-5.82498951E+01	-6.18194237E+01	
2.00000000E+00	-5.62605062E+01	-5.83949229E+01	-5.90594596E+01	-6.61418819E+01	-6.57823835E+01	-6.58989235E+01	-5.87366272E+01	-6.29668389E+01	
3.00000000E+00	-5.66683066E+01	-5.89022449E+01	-5.96957191E+01	-6.82740813E+01	-6.67844249E+01	-6.70800768E+01	-5.93123240E+01	-6.43970604E+01	
4.00000000E+00	-5.71388891E+01	-5.94966254E+01	-6.04446689E+01	-7.10755115E+01	-6.73515255E+01	-6.78862064E+01	-5.99911594E+01	-6.62857500E+01	
5.00000000E+00	-5.76784945E+01	-6.01898383E+01	-6.13273849E+01	-7.42027577E+01	-6.71067328E+01	-6.78271027E+01	-6.07897496E+01	-6.88849777E+01	
6.00000000E+00	-5.82951124E+01	-6.09970217E+01	-6.23913730E+01	-7.45152185E+01	-6.60488236E+01	-6.67896056E+01	-6.17314606E+01	-7.28645494E+01	
7.00000000E+00	-5.89987554E+01	-6.19357070E+01	-6.36832104E+01	-7.11802342E+01	-6.45405350E+01	-6.51918355E+01	-6.28479234E+01	-8.05133747E+01	
8.00000000E+00	-5.98004362E+01	-6.30277705E+01	-6.52480352E+01	-6.78069202E+01	-6.29354310E+01	-6.34754438E+01	-6.41819740E+01	-8.21219342E+01	
9.00000000E+00	-6.07146914E+01	-6.42994549E+01	-6.72360033E+01	-6.51234650E+01	-6.14027918E+01	-6.18533986E+01	-6.57948300E+01	-7.32058143E+01	
1.00000000E+01	-6.17591225E+01	-6.57760635E+01	-6.97960118E+01	-6.29837791E+01	-6.00099979E+01	-6.03898847E+01	-6.77726828E+01	-6.86140359E+01	
1.10000000E+01	-6.29549595E+01	-6.74664199E+01	-7.32561012E+01	-6.12363497E+01	-5.87651289E+01	-5.90923410E+01	-7.02158613E+01	-6.56053555E+01	
1.20000000E+01	-6.43279092E+01	-6.93128813E+01	-7.74871578E+01	-5.97824179E+01	-5.76611184E+01	-5.79495367E+01	-7.31012999E+01	-6.33774664E+01	
1.30000000E+01	-6.59049024E+01	-7.10471661E+01	-7.78351958E+01	-5.85536076E+01	-5.66877223E+01	-5.69474030E+01	-7.54798088E+01	-6.16154635E+01	
1.40000000E+01	-6.77076820E+01	-7.20460444E+01	-7.38929559E+01	-5.75102831E+01	-5.58347951E+01	-5.60717468E+01	-7.49965957E+01	-6.02060352E+01	
1.50000000E+01	-6.97173721E+01	-7.17851190E+01	-7.05878584E+01	-5.66225178E+01	-5.50928653E+01	-5.53125637E+01	-7.25267450E+01	-5.90436429E+01	
1.60000000E+01	-7.17856872E+01	-7.06343125E+01	-6.81880887E+01	-5.58711727E+01	-5.44543127E+01	-5.46608888E+01	-7.01473154E+01	-5.80769060E+01	
1.70000000E+01	-7.34512464E+01	-6.92789657E+01	-6.64452076E+01	-5.52411916E+01	-5.39134489E+01	-5.41094612E+01	-6.82860161E+01	-5.72863709E+01	
1.80000000E+01	-7.40418040E+01	-6.80731488E+01	-6.51377137E+01	-5.47234900E+01	-5.34654473E+01	-5.36542762E+01	-6.68858006E+01	-5.66357864E+01	
1.90000000E+01	-7.35007399E+01	-6.71218695E+01	-6.41738641E+01	-5.43097808E+01	-5.31073450E+01	-5.32911679E+01	-6.58552454E+01	-5.61175492E+01	
2.00000000E+01	-7.24835606E+01	-6.64350013E+01	-6.34751064E+01	-5.39955254E+01	-5.28375207E+01	-5.30171698E+01	-6.51291496E+01	-5.57222739E+01	
2.10000000E+01	-7.15011762E+01	-6.59986533E+01	-6.30198849E+01	-5.37755134E+01	-5.26522784E+01	-5.28295628E+01	-6.46611200E+01	-5.54371692E+01	
2.20000000E+01	-7.07279575E+01	-6.57964483E+01	-6.27573340E+01	-5.36463874E+01	-5.25515992E+01	-5.27265039E+01	-6.44197042E+01	-5.52508223E+01	
2.30000000E+01	-7.01786383E+01	-6.58142048E+01	-6.26728835E+01	-5.36036840E+01	-5.25311690E+01	-5.27055842E+01	-6.43826007E+01	-5.51645650E+01	
2.40000000E+01	-6.98146644E+01	-6.60385487E+01	-6.27556884E+01	-5.36433513E+01	-5.25890675E+01	-5.27630829E+01	-6.45275316E+01	-5.51742451E+01	
2.50000000E+01	-6.95771089E+01	-6.64535085E+01	-6.29675136E+01	-5.37587602E+01	-5.27211967E+01	-5.28946467E+01	-6.48345785E+01	-5.52685526E+01	
2.60000000E+01	-6.94090245E+01	-6.70371567E+01	-6.33155234E+01	-5.39417944E+01	-5.29208220E+01	-5.30931876E+01	-6.52748483E+01	-5.54311193E+01	
2.70000000E+01	-6.92742507E+01	-6.77614851E+01	-6.37409345E+01	-5.41833922E+01	-5.31806312E+01	-5.33510408E+01	-6.58172583E+01	-5.56396534E+01	
2.80000000E+01	-6.91740381E+01	-6.85980759E+01	-6.42400752E+01	-5.44685429E+01	-5.34887191E+01	-5.36570641E+01	-6.64152313E+01	-5.58908582E+01	
2.90000000E+01	-6.91704526E+01	-6.95237831E+01	-6.47353161E+01	-5.47818319E+01	-5.38321548E+01	-5.39958808E+01	-6.70270107E+01	-5.61600903E+01	
3.00000000E+01	-6.93756620E+01	-7.05333884E+01	-6.51959203E+01	-5.51034696E+01	-5.41918121E+01	-5.43509021E+01	-6.76084465E+01	-5.64142707E+01	
3.10000000E+01	-6.99648972E+01	-7.16290121E+01	-6.55214156E+01	-5.54116786E+01	-5.45457305E+01	-5.47009610E+01	-6.80944454E+01	-5.66301896E+01	
3.20000000E+01	-7.12041233E+01	-7.26301371E+01	-6.56184732E+01	-5.56787387E+01	-5.48680235E+01	-5.50200531E+01	-6.83454205E+01	-5.67714951E+01	
3.30000000E+01	-7.35343413E+01	-7.27704056E+01	-6.53091547E+01	-5.58763352E+01	-5.51281157E+01	-5.52803313E+01	-6.80966411E+01	-5.68070737E+01	
3.40000000E+01	-7.71455318E+01	-7.10561064E+01	-6.44601160E+01	-5.59722552E+01	-5.52889482E+01	-5.54450537E+01	-6.70606575E+01	-5.67046836E+01	
3.50000000E+01	-7.58982606E+01	-6.80509156E+01	-6.31067391E+01	-5.59354281E+01	-5.53186598E+01	-5.54806507E+01	-6.52797507E+01	-5.64431645E+01	
3.60000000E+01	-6.99206811E+01	-6.49008425E+01	-6.14310354E+01	-5.57425287E+01	-5.51870791E+01	-5.53574085E+01	-6.31098118E+01	-5.60245983E+01	
3.70000000E+01	-6.52665532E+01	-6.20543010E+01	-5.96427762E+01	-5.53878090E+01	-5.48891546E+01	-5.50656307E+01	-6.08956708E+01	-5.54648352E+01	
3.80000000E+01	-6.17542616E+01	-5.95812756E+01	-5.78902240E+01	-5.48937920E+01	-5.44398779E+01	-5.46198162E+01	-5.88260218E+01	-5.48075452E+01	
3.90000000E+01	-5.89815709E+01	-5.74557225E+01	-5.62730554E+01	-5.43030615E+01	-5.38796845E+01	-5.40602489E+01	-5.69717349E+01	-5.40943157E+01	
4.00000000E+01	-5.67283683E+01	-5.56377221E+01	-5.48245879E+01	-5.36713185E+01	-5.32581116E+01	-5.34381930E+01	-5.53509018E+01	-5.33799769E+01	
4.10000000E+01	-5.48698097E+01	-5.40909252E+01	-5.35592992E+01	-5.30483404E+01	-5.26228533E+01	-5.28046300E+01	-5.39578686E+01	-5.27041494E+01	
4.20000000E+01	-5.33272884E+01	-5.27816344E+01	-5.24803919E+01	-5.24740968E+01	-5.20098168E+01	-5.21974424E+01	-5.27786591E+01	-5.21138049E+01	
4.30000000E+01	-5.20459784E+01	-5.16803745E+01	-5.15714293E+01	-5.19707214E+01	-5.14379880E+01	-5.16376691E+01	-5.17915806E+01	-5.16079431E+01	
4.40000000E+01	-5.09821444E+01	-5.07585776E+01	-5.08182834E+01	-5.15430426E+01	-5.09082088E+01	-5.11284374E+01	-5.09744786E+01	-5.12026677E+01	
4.50000000E+01	-5.00977401E+01	-4.99844028E+01	-5.01923540E+01	-5.11789319E+01	-5.04083904E+01	-5.06559763E+01	-5.02964327E+01	-5.08786169E+01	
4.60000000E+01	-4.93547290E+01	-4.93234870E+01	-4.96625964E+01	-5.08480862E+01	-4.99151957E+01	-5.01945539E+01	-4.97225864E+01	-5.06074329E+01	
4.70000000E+01	-4.87132033E+01	-4.87359234E+01	-4.91920680E+01	-5.05068095E+01	-4.93977824E+01	-4.97119619E+01	-4.92088023E+01	-5.03467111E+01	
4.80000000E+01	-4.81300442E+01	-4.81787092E+01	-4.87261037E+01	-5.01042631E+01	-4.88316846E+01	-4.91758156E+01	-4.87067313E+01	-5.00394171E+01	
4.90000000E+01	-4.75600502E+01	-4.76053955E+01	-4.82169343E+01	-4.95927131E+01	-4.81965306E+01	-4.85624366E+01	-4.81648186E+01	-4.96292542E+01	
5.00000000E+01	-4.69592567E+01	-4.69740314E+01	-4.76241650E+01	-4.89400572E+01	-4.74861099E+01	-4.78598066E+01	-4.75371461E+01	-4.90680483E+01	
5.10000000E+01	-4.62907192E+01	-4.62537840E+01	-4.69094349E+01	-4.81345147E+01	-4.66986450E+01	-4.70660723E+01	-4.67922257E+01	-4.83299133E+01	
5.20000000E+01	-4.55311677E+01	-4.54306026E+01	-4.60667628E+01	-4.71875036E+01	-4.58401462E+01	-4.61877521E+01	-4.59215341E+01	-4.74185986E+01	
5.30000000E+01	-4.46750895E+01	-4.45102333E+01	-4.51091545E+01	-4.61281181E+01	-4.49199112E+01	-4.52367590E+01	-4.49400025E+01	-4.63674940E+01	
5.40000000E+01	-4.37357973E+01	-4.35168134E+01	-4.40668210E+01	-4.49971285E+01	-4.39534654E+01	-4.42326610E+01	-4.38810393E+01	-4.52252048E+01	
5.50000000E+01	-4.27411940E+01	-4.24857268E+01	-4.29851601E+01	-4.38408822E+01	-4.29630919E+01	-4.32026852E+01	-4.27889951E+01	-4.40507550E+01	
5.60000000E+01	-4.17272446E+01	-4.14564999E+01	-4.19111560E+01	-4.27063053E+01	-4.19786467E+01	-4.21808043E+01	-4.17084250E+01	-4.28922805E+01	
5.70000000E+01	-4.07310161E+01	-4.04661151E+01	-4.08841015E+01	-4.16344113E+01	-4.10324800E+01	-4.12013909E+01	-4.06791953E+01	-4.17995827E+01	
5.80000000E+01	-3.97855087E+01	-3.95449608E+01	-3.99349459E+01	-4.06578722E+01	-4.01540362E+01	-4.02962993E+01	-3.97321354E+01	-4.08005639E+01	
5.90000000E+01	-3.89163883E+01	-3.87149028E+01	-3.90883214E+01	-3.97980562E+01	-3.93672594E+01	-3.94893965E+01	-3.88882597E+01	-3.99211390E+01	
6.00000000E+01	-3.81409447E+01	-3.79888789E+01	-3.83554325E+01	-3.90658350E+01	-3.86865498E+01	-3.87943735E+01	-3.81584964E+01	-3.91697693E+01	
6.10000000E+01	-3.74677282E+01	-3.73709400E+01	-3.77371507E+01	-3.84607204E+01	-3.81166170E+01	-3.82148188E+01	-3.75439249E+01	-3.85466419E+01	
6.20000000E+01	-3.68968524E+01	-3.68564692E+01	-3.72269750E+01	-3.79720652E+01	-3.76507570E+01	-3.77436911E+01	-3.70372695E+01	-3.80405597E+01	
6.30000000E+01	-3.64206756E+01	-3.64329995E+01	-3.68086356E+01	-3.75792516E+01	-3.72731200E+01	-3.73632715E+01	-3.66221108E+01	-3.76329485E+01	
6.40000000E+01	-3.60243325E+01	-3.60807002E+01	-3.64584333E+01	-3.72526797E+01	-3.69584035E+01	-3.70470451E+01	-3.62749372E+01	-3.72890577E+01	
6.50000000E+01	-3.56870522E+01	-3.57740593E+01	-3.61474389E+01	-3.69557034E+01	-3.66740015E+01	-3.67613114E+01	-3.59663583E+01	-3.69779700E+01	
6.60000000E+01	-3.53842345E+01	-3.54847290E+01	-3.58430052E+01	-3.66500831E+01	-3.63847579E+01	-3.64695260E+01	-3.56648226E+01	-3.66616619E+01	
6.70000000E+01	-3.50904972E+01	-3.51852984E+01	-3.55165385E+01	-3.63008463E+01	-3.60581678E+01	-3.61382307E+01	-3.53415574E+01	-3.63038880E+01	
6.80000000E+01	-3.47836300E+01	-3.48546769E+01	-3.51473314E+01	-3.58853590E+01	-3.56708670E+01	-3.57439216E+01	-3.49762724E+01	-3.58846602E+01	
6.90000000E+01	-3.44489630E+01	-3.44825691E+01	-3.47276800E+01	-3.53980820E+01	-3.52151571E+01	-3.52791998E+01	-3.45619629E+01	-3.53974448E+01	
7.00000000E+01	-3.40823425E+01	-3.40727109E+01	-3.42673605E+01	-3.48526763E+01	-3.47009499E+01	-3.47552014E+01	-3.41077398E+01	-3.48560966E+01	
7.10000000E+01	-3.36914170E+01	-3.36424242E+01	-3.37871292E+01	-3.42779994E+01	-3.41534318E+01	-3.41984714E+01	-3.36364424E+01	-3.42871221E+01	
7.20000000E+01	-3.32937540E+01	-3.32188849E+01	-3.33199380E+01	-3.37115411E+01	-3.36077269E+01	-3.36448235E+01	-3.31803093E+01	-3.37265899E+01	
7.30000000E+01	-3.29132863E+01	-3.28339014E+01	-3.29000650E+01	-3.31909435E+01	-3.30998908E+01	-3.31312168E+01	-3.27746062E+01	-3.32123617E+01	
7.40000000E+01	-3.25755686E+01	-3.25181975E+01	-3.25585613E+01	-3.27473677E+01	-3.26614116E+01	-3.26898016E+01	-3.24514710E+01	-3.27745351E+01	
7.50000000E+01	-3.23031290E+01	-3.22966345E+01	-3.23185749E+01	-3.24014503E+01	-3.23133445E+01	-3.23410894E+01	-3.22356559E+01	-3.24322917E+01	
7.60000000E+01	-3.21118095E+01	-3.21845897E+01	-3.21920445E+01	-3.21594215E+01	-3.20632913E+01	-3.20929883E+01	-3.21411231E+01	-3.21934296E+01	
7.70000000E+01	-3.20078544E+01	-3.21851905E+01	-3.21771491E+01	-3.20115066E+01	-3.19035976E+01	-3.19368663E+01	-3.21677888E+01	-3.20474975E+01	
7.80000000E+01	-3.19858785E+01	-3.22866125E+01	-3.22546345E+01	-3.19306415E+01	-3.18091203E+01	-3.18469899E+01	-3.22989991E+01	-3.19705585E+01	
7.90000000E+01	-3.20274832E+01	-3.24596569E+01	-3.23851288E+01	-3.18727178E+01	-3.17388013E+01	-3.17815063E+01	-3.24979615E+01	-3.19174830E+01	
8.00000000E+01	-3.21012596E+01	-3.26564023E+01	-3.25120814E+01	-3.17808026E+01	-3.16394284E+01	-3.16853343E+01	-3.27062672E+01	-3.18326899E+01	
8.10000000E+01	-3.21651914E+01	-3.28125099E+01	-3.25619105E+01	-3.15949419E+01	-3.14545759E+01	-3.15012529E+01	-3.28470116E+01	-3.16571417E+01	
8.20000000E+01	-3.21725386E+01	-3.28560165E+01	-3.24620986E+01	-3.12677363E+01	-3.11398851E+01	-3.11834696E+01	-3.28380870E+01	-3.13422036E+01	
8.30000000E+01	-3.20818529E+01	-3.27253255E+01	-3.21623256E+01	-3.07808765E+01	-3.06768647E+01	-3.07135860E+01	-3.26173485E+01	-3.08671041E+01	
8.40000000E+01	-3.18685044E+01	-3.23912332E+01	-3.16610941E+01	-3.01532704E+01	-3.00819861E+01	-3.01087749E+01	-3.21690759E+01	-3.02483695E+01	
8.50000000E+01	-3.15333498E+01	-3.18707653E+01	-3.10034444E+01	-2.94372145E+01	-2.94024739E+01	-2.94177892E+01	-3.15336905E+01	-2.95392440E+01	
8.60000000E+01	-3.11037598E+01	-3.12226748E+01	-3.02692099E+01	-2.87032822E+01	-2.87033498E+01	-2.87076657E+01	-3.07918515E+01	-2.88099955E+01	
8.70000000E+01	-3.06266434E+01	-3.05272343E+01	-2.95449732E+01	-2.80248999E+01	-2.80540571E+01	-2.80489398E+01	-3.00368573E+01	-2.81339574E+01	
8.80000000E+01	-3.01574365E+01	-2.98650117E+01	-2.89083682E+01	-2.74676892E+01	-2.75178699E+01	-2.75055919E+01	-2.93524154E+01	-2.75784947E+01	
8.90000000E+01	-2.97497660E+01	-2.93032723E+01	-2.84188071E+01	-2.70852039E+01	-2.71471350E+01	-2.71305479E+01	-2.88035009E+01	-2.71971994E+01	
9.00000000E+01	-2.94488799E+01	-2.88917245E+01	-2.81207039E+01	-2.69197185E+01	-2.69839217E+01	-2.69658812E+01	-2.84359208E+01	-2.70318208E+01	
9.10000000E+01	-2.92887359E+01	-2.86635166E+01	-2.80422678E+01	-2.70045656E+01	-2.70608330E+01	-2.70446676E+01	-2.82793433E+01	-2.71152993E+01	
9.20000000E+01	-2.92913647E+01	-2.86376145E+01	-2.82009905E+01	-2.73670512E+01	-2.74041282E+01	-2.73933416E+01	-2.83502299E+01	-2.74740797E+01	
9.30000000E+01	-2.94669296E+01	-2.88210253E+01	-2.86047107E+01	-2.80302054E+01	-2.80343407E+01	-2.80333206E+01	-2.86539465E+01	-2.81306341E+01	
9.40000000E+01	-2.98134652E+01	-2.92094855E+01	-2.92505105E+01	-2.90138627E+01	-2.89660760E+01	-2.89806370E+01	-2.91845283E+01	-2.91029570E+01	
9.50000000E+01	-3.03157235E+01	-2.97867094E+01	-3.01205586E+01	-3.03323363E+01	-3.02040405E+01	-3.02425687E+01	-2.99225970E+01	-3.04047550E+01	
9.60000000E+01	-3.09431216E+01	-3.05221427E+01	-3.11781684E+01	-3.19875599E+01	-3.17326471E+01	-3.18075025E+01	-3.08314977E+01	-3.20353071E+01	
9.70000000E+01	-3.16478316E+01	-3.13678796E+01	-3.23593434E+01	-3.39505960E+01	-3.34940092E+01	-3.36235136E+01	-3.18521497E+01	-3.39667651E+01	
9.80000000E+01	-3.23651999E+01	-3.22559111E+01	-3.35675717E+01	-3.61236521E+01	-3.53533376E+01	-3.55606144E+01	-3.28996650E+01	-3.61088025E+01	
9.90000000E+01	-3.30198074E+01	-3.30986500E+01	-3.46735540E+01	-3.82766936E+01	-3.70733276E+01	-3.73759526E+01	-3.38643047E+01	-3.82509015E+01	
1.00000000E+02	-3.35398804E+01	-3.37975927E+01	-3.55297110E+01	-4.00097564E+01	-3.83694960E+01	-3.87548427E+01	-3.46234397E+01	-4.00102034E+01	
1.01000000E+02	-3.38769292E+01	-3.42655729E+01	-3.60074417E+01	-4.08873437E+01	-3.90571580E+01	-3.94712824E+01	-3.50695661E+01	-4.09154738E+01	
1.02000000E+02	-3.40209435E+01	-3.44592029E+01	-3.60474284E+01	-4.07448285E+01	-3.91189217E+01	-3.94916182E+01	-3.51538996E+01	-4.07397461E+01	
1.03000000E+02	-3.40015977E+01	-3.44019713E+01	-3.57020072E+01	-3.98027912E+01	-3.86372600E+01	-3.89199563E+01	-3.49189039E+01	-3.97201302E+01	
1.04000000E+02	-3.38753688E+01	-3.41754460E+01	-3.51181405E+01	-3.84626660E+01	-3.77678208E+01	-3.79513755E+01	-3.44836574E+01	-3.83169477E+01	
1.05000000E+02	-3.37074010E+01	-3.38837147E+01	-3.44648503E+01	-3.70757518E+01	-3.67272568E+01	-3.68312977E+01	-3.39896219E+01	-3.69061974E+01	
1.06000000E+02	-3.35568096E+01	-3.36198162E+01	-3.38784015E+01	-3.58526956E+01	-3.57176251E+01	-3.57691797E+01	-3.35531352E+01	-3.56889341E+01	
1.07000000E+02	-3.34685431E+01	-3.34492030E+01	-3.34409692E+01	-3.48872041E+01	-3.48696213E+01	-3.48906044E+01	-3.32497854E+01	-3.47413481E+01	
1.08000000E+02	-3.34707185E+01	-3.34085649E+01	-3.31933930E+01	-3.42035518E+01	-3.42431105E+01	-3.42487070E+01	-3.31177742E+01	-3.40818461E+01	
1.09000000E+02	-3.35753202E+01	-3.35100562E+01	-3.31439381E+01	-3.37904063E+01	-3.38504695E+01	-3.38504669E+01	-3.31675085E+01	-3.36945685E+01	
1.10000000E+02	-3.37800409E+01	-3.37464344E+01	-3.32802673E+01	-3.36177853E+01	-3.36762819E+01	-3.36767065E+01	-3.33890171E+01	-3.35458110E+01	
1.11000000E+02	-3.40709724E+01	-3.40952596E+01	-3.35767808E+01	-3.36455881E+01	-3.36887742E+01	-3.36935607E+01	-3.37564668E+01	-3.35983032E+01	
1.12000000E+02	-3.44254884E+01	-3.45222643E+01	-3.39944036E+01	-3.38267004E+01	-3.38464393E+01	-3.38582135E+01	-3.42313574E+01	-3.38022147E+01	
1.13000000E+02	-3.48158010E+01	-3.49861612E+01	-3.44871765E+01	-3.41100785E+01	-3.41028739E+01	-3.41222817E+01	-3.47657930E+01	-3.41112132E+01	
1.14000000E+02	-3.52135553E+01	-3.54446329E+01	-3.50051424E+01	-3.44442087E+01	-3.44097798E+01	-3.44367235E+01	-3.53077893E+01	-3.44679968E+01	
1.15000000E+02	-3.55949166E+01	-3.58624520E+01	-3.55006939E+01	-3.47827587E+01	-3.47239456E+01	-3.47569109E+01	-3.58096931E+01	-3.48302505E+01	
1.16000000E+02	-3.59451252E+01	-3.62187335E+01	-3.59379671E+01	-3.50908787E+01	-3.50120201E+01	-3.50490238E+01	-3.62376011E+01	-3.51623152E+01	
1.17000000E+02	-3.62615153E+01	-3.65110836E+01	-3.63008432E+01	-3.53513234E+01	-3.52568526E+01	-3.52959039E+01	-3.65792753E+01	-3.54449174E+01	
1.18000000E+02	-3.65534470E+01	-3.67547888E+01	-3.65936892E+01	-3.55655385E+01	-3.54592485E+01	-3.54985918E+01	-3.68462367E+01	-3.56816928E+01	
1.19000000E+02	-3.68399642E+01	-3.69776479E+01	-3.68414168E+01	-3.57520602E+01	-3.56360310E+01	-3.56746136E+01	-3.70682310E+01	-3.58871711E+01	
1.20000000E+02	-3.71450610E+01	-3.72134151E+01	-3.70799608E+01	-3.59401886E+01	-3.58141916E+01	-3.58519867E+01	-3.72851855E+01	-3.60935489E+01	
1.21000000E+02	-3.74934547E+01	-3.74951945E+01	-3.73470525E+01	-3.61621794E+01	-3.60251053E+01	-3.60625539E+01	-3.75377921E+01	-3.63352339E+01	
1.22000000E+02	-3.79062718E+01	-3.78511709E+01	-3.76785117E+01	-3.64481206E+01	-3.62972681E+01	-3.63355929E+01	-3.78614250E+01	-3.66398985E+01	
1.23000000E+02	-3.83985403E+01	-3.83018572E+01	-3.81001966E+01	-3.68209633E+01	-3.66530319E+01	-3.66936776E+01	-3.82826671E+01	-3.70307714E+01	
1.24000000E+02	-3.89774696E+01	-3.88583145E+01	-3.86290764E+01	-3.72946647E+01	-3.71064392E+01	-3.71508269E+01	-3.88175144E+01	-3.75225411E+01	
1.25000000E+02	-3.96415552E+01	-3.95218558E+01	-3.92686174E+01	-3.78732725E+01	-3.76615253E+01	-3.77109899E+01	-3.94708458E+01	-3.81223663E+01	
1.26000000E+02	-4.03803217E+01	-4.02831210E+01	-4.00159494E+01	-3.85511044E+01	-3.83123854E+01	-3.83682556E+01	-4.02357998E+01	-3.88234251E+01	
1.27000000E+02	-4.11747384E+01	-4.11222003E+01	-4.08511285E+01	-3.93116352E+01	-3.90434321E+01	-3.91069219E+01	-4.10944289E+01	-3.96105451E+01	
1.28000000E+02	-4.19987194E+01	-4.20093550E+01	-4.17456214E+01	-4.01290894E+01	-3.98297019E+01	-3.99016131E+01	-4.20166029E+01	-4.04547013E+01	
1.29000000E+02	-4.28220973E+01	-4.29069850E+01	-4.26634368E+01	-4.09692484E+01	-4.06386565E+01	-4.07187705E+01	-4.29625446E+01	-4.13244511E+01	
1.30000000E+02	-4.36153741E+01	-4.37749882E+01	-4.35580744E+01	-4.17936868E+01	-4.14329422E+01	-4.15206895E+01	-4.38865413E+01	-4.21792993E+01	
1.31000000E+02	-4.43548651E+01	-4.45776215E+01	-4.43936476E+01	-4.25642975E+01	-4.21757540E+01	-4.22699756E+01	-4.47440309E+01	-4.29826901E+01	
1.32000000E+02	-4.50279929E+01	-4.52913211E+01	-4.51361698E+01	-4.32518691E+01	-4.28378513E+01	-4.29371561E+01	-4.55014193E+01	-4.36976228E+01	
1.33000000E+02	-4.56357017E+01	-4.59096531E+01	-4.57766699E+01	-4.38410117E+01	-4.34039472E+01	-4.35069329E+01	-4.61437195E+01	-4.43160928E+01	
1.34000000E+02	-4.61926479E+01	-4.64444209E+01	-4.63212331E+01	-4.43352695E+01	-4.38769154E+01	-4.39820490E+01	-4.66780978E+01	-4.48374397E+01	
1.35000000E+02	-4.67247661E+01	-4.69219181E+01	-4.67954699E+01	-4.47548168E+01	-4.42758001E+01	-4.43822958E+01	-4.71319856E+01	-4.52825746E+01	
1.36000000E+02	-4.72659973E+01	-4.73784454E+01	-4.72342815E+01	-4.51325464E+01	-4.46327552E+01	-4.47402713E+01	-4.75460337E+01	-4.56856955E+01	
1.37000000E+02	-4.78546377E+01	-4.78542420E+01	-4.76872961E+01	-4.55073176E+01	-4.49858243E+01	-4.50946512E+01	-4.79661124E+01	-4.60884499E+01	
1.38000000E+02	-4.85311907E+01	-4.83908509E+01	-4.81933854E+01	-4.59194470E+01	-4.53737314E+01	-4.54848160E+01	-4.84401382E+01	-4.65287950E+01	
1.39000000E+02	-4.93369035E+01	-4.90279979E+01	-4.87991271E+01	-4.64058941E+01	-4.58327103E+01	-4.59473339E+01	-4.90125061E+01	-4.70502593E+01	
1.40000000E+02	-5.03147373E+01	-4.98037144E+01	-4.95449341E+01	-4.69994262E+01	-4.63941457E+01	-4.65134897E+01	-4.97238220E+01	-4.76871318E+01	
1.41000000E+02	-5.15116554E+01	-5.07546920E+01	-5.04736320E+01	-4.77292700E+01	-4.70848748E+01	-4.72115313E+01	-5.06135737E+01	-4.84670009E+01	
1.42000000E+02	-5.29829065E+01	-5.19193439E+01	-5.16268388E+01	-4.86213762E+01	-4.79289238E+01	-4.80652182E+01	-5.17198575E+01	-4.94232348E+01	
1.43000000E+02	-5.47980192E+01	-5.33385279E+01	-5.30556547E+01	-4.97004240E+01	-4.89486955E+01	-4.90975271E+01	-5.30852957E+01	-5.05985485E+01	
1.44000000E+02	-5.70434514E+01	-5.50599919E+01	-5.48328540E+01	-5.09921179E+01	-5.01664969E+01	-5.03315208E+01	-5.47588678E+01	-5.20059326E+01	
1.45000000E+02	-5.97875763E+01	-5.71315379E+01	-5.70348986E+01	-5.25252347E+01	-5.16085883E+01	-5.17937692E+01	-5.67949200E+01	-5.37072979E+01	
1.46000000E+02	-6.28097517E+01	-5.95633333E+01	-5.97741034E+01	-5.43311876E+01	-5.33064448E+01	-5.35133394E+01	-5.92270326E+01	-5.57614768E+01	
1.47000000E+02	-6.46265463E+01	-6.21554742E+01	-6.30882267E+01	-5.64377744E+01	-5.52990678E+01	-5.55255863E+01	-6.19250225E+01	-5.82329634E+01	
1.48000000E+02	-6.36063726E+01	-6.40373237E+01	-6.60474891E+01	-5.88392456E+01	-5.76283670E+01	-5.78582313E+01	-6.41145468E+01	-6.11239029E+01	
1.49000000E+02	-6.14891588E+01	-6.40304420E+01	-6.60488115E+01	-6.13766620E+01	-6.03100788E+01	-6.04824515E+01	-6.43815006E+01	-6.41442599E+01	
1.50000000E+02	-5.96601387E+01	-6.26941641E+01	-6.38399276E+01	-6.34624806E+01	-6.31934024E+01	-6.31231039E+01	-6.30342461E+01	-6.58860185E+01	
1.51000000E+02	-5.82994923E+01	-6.12188095E+01	-6.17657894E+01	-6.41584361E+01	-6.55378660E+01	-6.49218814E+01	-6.14596150E+01	-6.50739336E+01	
1.52000000E+02	-5.73264825E+01	-6.00240923E+01	-6.02426597E+01	-6.34936110E+01	-6.60918895E+01	-6.50271353E+01	-6.01835883E+01	-6.33540412E+01	
1.53000000E+02	-5.66486550E+01	-5.91444250E+01	-5.91840672E+01	-6.23921468E+01	-6.51043574E+01	-6.40413272E+01	-5.92491561E+01	-6.18429482E+01	
1.54000000E+02	-5.61929661E+01	-5.85269618E+01	-5.84626124E+01	-6.13999044E+01	-6.38176393E+01	-6.29135464E+01	-5.85998377E+01	-6.07254814E+01	
1.55000000E+02	-5.59033550E+01	-5.81128678E+01	-5.79978044E+01	-6.06412829E+01	-6.27526884E+01	-6.19959286E+01	-5.81695135E+01	-5.99260339E+01	
1.56000000E+02	-5.57360286E+01	-5.78509604E+01	-5.77091347E+01	-6.01036394E+01	-6.19675721E+01	-6.13266195E+01	-5.79038668E+01	-5.94067816E+01	
1.57000000E+02	-5.56552423E+01	-5.76976665E+01	-5.75515246E+01	-5.97438480E+01	-6.14186184E+01	-6.08638987E+01	-5.77558445E+01	-5.90541857E+01	
1.58000000E+02	-5.56314992E+01	-5.76180405E+01	-5.74858331E+01	-5.95146451E+01	-6.10460081E+01	-6.05562129E+01	-5.76877174E+01	-5.88456471E+01	
1.59000000E+02	-5.56411145E+01	-5.75831618E+01	-5.74765413E+01	-5.93769217E+01	-6.07952509E+01	-6.03578221E+01	-5.76683996E+01	-5.86987823E+01	
1.60000000E+02	-5.56644854E+01	-5.75686381E+01	-5.75023341E+01	-5.92981664E+01	-6.06276878E+01	-6.02327471E+01	-5.76721907E+01	-5.86223478E+01	
1.61000000E+02	-5.56868424E+01	-5.75571071E+01	-5.75344813E+01	-5.92537106E+01	-6.05099177E+01	-6.01501535E+01	-5.76798640E+01	-5.85827386E+01	
1.62000000E+02	-5.56978198E+01	-5.75351403E+01	-5.75522924E+01	-5.92240545E+01	-6.04183344E+01	-6.00902883E+01	-5.76763337E+01	-5.85398125E+01	
1.63000000E+02	-5.56915077E+01	-5.74952362E+01	-5.75711509E+01	-5.91979396E+01	-6.03390034E+01	-6.00379696E+01	-5.76520165E+01	-5.84991615E+01	
1.64000000E+02	-5.56653164E+01	-5.74343526E+01	-5.75626728E+01	-5.91662256E+01	-6.02637288E+01	-5.99854026E+01	-5.76041377E+01	-5.84693424E+01	
1.65000000E+02	-5.56200211E+01	-5.73530072E+01	-5.75294780E+01	-5.91287240E+01	-6.01887077E+01	-5.99301687E+01	-5.75321411E+01	-5.84051077E+01	
1.66000000E+02	-5.55593929E+01	-5.72558319E+01	-5.74752296E+01	-5.90871514E+01	-6.01131584E+01	-5.98729723E+01	-5.74402416E+01	-5.83644601E+01	
1.67000000E+02	-5.54880306E+01	-5.71481996E+01	-5.74157885E+01	-5.90462389E+01	-6.00460533E+01	-5.98197699E+01	-5.73337448E+01	-5.83018534E+01	
1.68000000E+02	-5.54117806E+01	-5.70369895E+01	-5.73385309E+01	-5.90135707E+01	-5.99919850E+01	-5.97779293E+01	-5.72207312E+01	-5.82552323E+01	
1.69000000E+02	-5.53368171E+01	-5.69296965E+01	-5.72650745E+01	-5.89983411E+01	-5.99612311E+01	-5.97562948E+01	-5.71091882E+01	-5.82212111E+01	
1.70000000E+02	-5.52694412E+01	-5.68336808E+01	-5.71993253E+01	-5.90088571E+01	-5.99607064E+01	-5.97641989E+01	-5.70058441E+01	-5.82050083E+01	
1.71000000E+02	-5.52151473E+01	-5.67549559E+01	-5.71527094E+01	-5.90540212E+01	-6.00018086E+01	-5.98115135E+01	-5.69191964E+01	-5.82073886E+01	
1.72000000E+02	-5.51791672E+01	-5.67002242E+01	-5.71155291E+01	-5.91447819E+01	-6.00951981E+01	-5.99091157E+01	-5.68550612E+01	-5.82609467E+01	
1.73000000E+02	-5.51664751E+01	-5.66746938E+01	-5.71207204E+01	-5.92905782E+01	-6.02505480E+01	-6.00682772E+01	-5.68200259E+01	-5.83593512E+01	
1.74000000E+02	-5.51807852E+01	-5.66837320E+01	-5.71533891E+01	-5.95018590E+01	-6.04799857E+01	-6.02986838E+01	-5.68196976E+01	-5.85040349E+01	
1.75000000E+02	-5.52261995E+01	-5.67307581E+01	-5.72259720E+01	-5.97910167E+01	-6.07944734E+01	-6.06141996E+01	-5.68588791E+01	-5.87095345E+01	
1.76000000E+02	-5.53061003E+01	-5.68206668E+01	-5.73455820E+01	-6.01699260E+01	-6.12119073E+01	-6.10286068E+01	-5.69417317E+01	-5.89981461E+01	
1.77000000E+02	-5.54236565E+01	-5.69575209E+01	-5.75182408E+01	-6.06580952E+01	-6.17469703E+01	-6.15617011E+01	-5.70732690E+01	-5.93585664E+01	
1.78000000E+02	-5.55822789E+01	-5.71456303E+01	-5.77440246E+01	-6.12743588E+01	-6.24229515E+01	-6.22360348E+01	-5.72579371E+01	-5.98003201E+01	
1.79000000E+02	-5.57850500E+01	-5.73887084E+01	-5.80374298E+01	-6.20500453E+01	-6.32706536E+01	-6.30818166E+01	-5.75011978E+01	-6.03850421E+01	
1.80000000E+02	-5.60357382E+01	-5.76926389E+01	-5.83977705E+01	-6.30282601E+01	-6.43215632E+01	-6.41384678E+01	-5.78085832E+01	-6.10719205E+01	
