Far field
"Plane Wave Phi"[deg]	"2Blades_SEP_lam4_Carbide [dBsm]"	"2Blades_SEP_lam10_Carbide [dBsm]"	"2Blades_SEP_lam20_Carbide [dBsm]"	"2Blades_SEP_lam40_Carbide [dBsm]"	"2Blades_SEP_lam80_Carbide [dBsm]"	
-1.80000000E+02	-4.77709833E+01	-4.65555462E+01	-4.54579038E+01	-4.43105592E+01	-4.37520173E+01	
-1.79000000E+02	-4.79896089E+01	-4.68928049E+01	-4.57588580E+01	-4.45098254E+01	-4.39279038E+01	
-1.78000000E+02	-4.82727088E+01	-4.72987771E+01	-4.61209226E+01	-4.47601915E+01	-4.41501888E+01	
-1.77000000E+02	-4.86233615E+01	-4.77798125E+01	-4.65496524E+01	-4.50635617E+01	-4.44200705E+01	
-1.76000000E+02	-4.90457584E+01	-4.83444128E+01	-4.70499693E+01	-4.54227712E+01	-4.47395679E+01	
-1.75000000E+02	-4.95454021E+01	-4.90037861E+01	-4.76307072E+01	-4.58418065E+01	-4.51108044E+01	
-1.74000000E+02	-5.01287094E+01	-4.97727113E+01	-4.83015147E+01	-4.63248590E+01	-4.55367203E+01	
-1.73000000E+02	-5.08035594E+01	-5.06712808E+01	-4.90750882E+01	-4.68784551E+01	-4.60211764E+01	
-1.72000000E+02	-5.15776141E+01	-5.17270136E+01	-4.99699775E+01	-4.75100421E+01	-4.65691059E+01	
-1.71000000E+02	-5.24583797E+01	-5.29795056E+01	-5.10085975E+01	-4.82296018E+01	-4.71864102E+01	
-1.70000000E+02	-5.34474110E+01	-5.44888732E+01	-5.22252961E+01	-4.90505283E+01	-4.78821178E+01	
-1.69000000E+02	-5.45324344E+01	-5.63515602E+01	-5.36698860E+01	-4.99905274E+01	-4.86663366E+01	
-1.68000000E+02	-5.56669055E+01	-5.87384305E+01	-5.54204978E+01	-5.10758702E+01	-4.95564879E+01	
-1.67000000E+02	-5.67344508E+01	-6.19903638E+01	-5.76143947E+01	-5.23440322E+01	-5.05748576E+01	
-1.66000000E+02	-5.75121595E+01	-6.68595119E+01	-6.05243176E+01	-5.38548421E+01	-5.17562778E+01	
-1.65000000E+02	-5.77235137E+01	-7.28432408E+01	-6.48431483E+01	-5.57068317E+01	-5.31573952E+01	
-1.64000000E+02	-5.72453495E+01	-6.80510264E+01	-7.34503819E+01	-5.80710720E+01	-5.48706708E+01	
-1.63000000E+02	-5.62360697E+01	-6.29869234E+01	-7.65209523E+01	-6.12584928E+01	-5.70526787E+01	
-1.62000000E+02	-5.49666617E+01	-5.96902786E+01	-6.60987585E+01	-6.55555478E+01	-5.99796332E+01	
-1.61000000E+02	-5.36352165E+01	-5.73021792E+01	-6.14933219E+01	-6.73803528E+01	-6.39161381E+01	
-1.60000000E+02	-5.23378341E+01	-5.54222403E+01	-5.84662478E+01	-6.29055490E+01	-6.61604567E+01	
-1.59000000E+02	-5.11093168E+01	-5.38475118E+01	-5.61587823E+01	-5.87425819E+01	-6.21850285E+01	
-1.58000000E+02	-4.99558444E+01	-5.24618516E+01	-5.42481698E+01	-5.56187246E+01	-5.79375197E+01	
-1.57000000E+02	-4.88740430E+01	-5.11951892E+01	-5.25755624E+01	-5.31537116E+01	-5.47064639E+01	
-1.56000000E+02	-4.78587929E+01	-5.00074224E+01	-5.10669957E+01	-5.11181902E+01	-5.21727058E+01	
-1.55000000E+02	-4.69067338E+01	-4.88778178E+01	-4.96812262E+01	-4.93860454E+01	-5.00995827E+01	
-1.54000000E+02	-4.60170723E+01	-4.78012143E+01	-4.84024216E+01	-4.78883287E+01	-4.83623875E+01	
-1.53000000E+02	-4.51920949E+01	-4.67814377E+01	-4.72262196E+01	-4.65833269E+01	-4.68852579E+01	
-1.52000000E+02	-4.44361516E+01	-4.58279930E+01	-4.61577499E+01	-4.54493190E+01	-4.56246948E+01	
-1.51000000E+02	-4.37554390E+01	-4.49532200E+01	-4.52010780E+01	-4.44724505E+01	-4.45553647E+01	
-1.50000000E+02	-4.31571486E+01	-4.41692381E+01	-4.43634884E+01	-4.36467641E+01	-4.36625262E+01	
-1.49000000E+02	-4.26489312E+01	-4.34877426E+01	-4.36525822E+01	-4.29701908E+01	-4.29372555E+01	
-1.48000000E+02	-4.22385001E+01	-4.29190108E+01	-4.30754695E+01	-4.24433880E+01	-4.23776581E+01	
-1.47000000E+02	-4.19332028E+01	-4.24720401E+01	-4.26392140E+01	-4.20696523E+01	-4.19836382E+01	
-1.46000000E+02	-4.17394363E+01	-4.21539514E+01	-4.23494071E+01	-4.18533158E+01	-4.17589372E+01	
-1.45000000E+02	-4.16616561E+01	-4.19699286E+01	-4.22114556E+01	-4.17990616E+01	-4.17070859E+01	
-1.44000000E+02	-4.17017611E+01	-4.19220573E+01	-4.22274005E+01	-4.19104081E+01	-4.18309761E+01	
-1.43000000E+02	-4.18569313E+01	-4.20072748E+01	-4.23940814E+01	-4.21860873E+01	-4.21314292E+01	
-1.42000000E+02	-4.21167347E+01	-4.22149494E+01	-4.27000776E+01	-4.26144357E+01	-4.25968590E+01	
-1.41000000E+02	-4.24604660E+01	-4.25218382E+01	-4.31138590E+01	-4.31618513E+01	-4.31917213E+01	
-1.40000000E+02	-4.28532639E+01	-4.28873990E+01	-4.35796182E+01	-4.37570562E+01	-4.38382900E+01	
-1.39000000E+02	-4.32469313E+01	-4.32524772E+01	-4.40089190E+01	-4.42793685E+01	-4.43952656E+01	
-1.38000000E+02	-4.35872365E+01	-4.35472871E+01	-4.42938236E+01	-4.45761070E+01	-4.46775501E+01	
-1.37000000E+02	-4.38319284E+01	-4.37145567E+01	-4.43552296E+01	-4.45403899E+01	-4.45635249E+01	
-1.36000000E+02	-4.39717531E+01	-4.37399532E+01	-4.41950447E+01	-4.41983789E+01	-4.40972828E+01	
-1.35000000E+02	-4.40392150E+01	-4.36645068E+01	-4.38988832E+01	-4.36904906E+01	-4.34581677E+01	
-1.34000000E+02	-4.40966711E+01	-4.35668559E+01	-4.35886509E+01	-4.31814895E+01	-4.28333442E+01	
-1.33000000E+02	-4.42147378E+01	-4.35329644E+01	-4.33730935E+01	-4.27940631E+01	-4.23500191E+01	
-1.32000000E+02	-4.44532233E+01	-4.36349085E+01	-4.33283927E+01	-4.26019987E+01	-4.20781010E+01	
-1.31000000E+02	-4.48523728E+01	-4.39239533E+01	-4.35016280E+01	-4.26436856E+01	-4.20524819E+01	
-1.30000000E+02	-4.54265053E+01	-4.44289605E+01	-4.39142876E+01	-4.29328348E+01	-4.22845882E+01	
-1.29000000E+02	-4.61545240E+01	-4.51539069E+01	-4.45634885E+01	-4.34607513E+01	-4.27678697E+01	
-1.28000000E+02	-4.69661076E+01	-4.60655097E+01	-4.54066280E+01	-4.41846785E+01	-4.34657836E+01	
-1.27000000E+02	-4.77276520E+01	-4.70671564E+01	-4.63403920E+01	-4.50029234E+01	-4.42883237E+01	
-1.26000000E+02	-4.82665988E+01	-4.79747511E+01	-4.71642713E+01	-4.57324271E+01	-4.50565312E+01	
-1.25000000E+02	-4.84612988E+01	-4.85513208E+01	-4.76310136E+01	-4.61384412E+01	-4.55261014E+01	
-1.24000000E+02	-4.83363638E+01	-4.86622337E+01	-4.76165038E+01	-4.60931707E+01	-4.55235651E+01	
-1.23000000E+02	-4.80378117E+01	-4.84032853E+01	-4.72387877E+01	-4.56884664E+01	-4.51126420E+01	
-1.22000000E+02	-4.77278606E+01	-4.80042797E+01	-4.67417999E+01	-4.51522843E+01	-4.45260033E+01	
-1.21000000E+02	-4.75251628E+01	-4.76654800E+01	-4.63239577E+01	-4.46821983E+01	-4.39830909E+01	
-1.20000000E+02	-4.75069387E+01	-4.75096512E+01	-4.60998852E+01	-4.43969899E+01	-4.36169073E+01	
-1.19000000E+02	-4.77301803E+01	-4.76042399E+01	-4.61276197E+01	-4.43562607E+01	-4.34902848E+01	
-1.18000000E+02	-4.82465302E+01	-4.79901643E+01	-4.64373110E+01	-4.45853952E+01	-4.36261488E+01	
-1.17000000E+02	-4.91006502E+01	-4.86847466E+01	-4.70346370E+01	-4.50900861E+01	-4.40241273E+01	
-1.16000000E+02	-5.02876175E+01	-4.96437499E+01	-4.78800280E+01	-4.58384217E+01	-4.46514038E+01	
-1.15000000E+02	-5.16108066E+01	-5.06534591E+01	-4.88189231E+01	-4.67293526E+01	-4.54237626E+01	
-1.14000000E+02	-5.24117510E+01	-5.11967386E+01	-4.94938142E+01	-4.75434103E+01	-4.61754466E+01	
-1.13000000E+02	-5.18970817E+01	-5.07572051E+01	-4.94743709E+01	-4.79589819E+01	-4.66760952E+01	
-1.12000000E+02	-5.03788578E+01	-4.95356710E+01	-4.87291148E+01	-4.77967044E+01	-4.67654590E+01	
-1.11000000E+02	-4.87475347E+01	-4.81565238E+01	-4.76790612E+01	-4.72234827E+01	-4.64980445E+01	
-1.10000000E+02	-4.74401595E+01	-4.70046723E+01	-4.67142662E+01	-4.65638123E+01	-4.60957069E+01	
-1.09000000E+02	-4.65492785E+01	-4.62012342E+01	-4.60195546E+01	-4.60457554E+01	-4.57572840E+01	
-1.08000000E+02	-4.60441832E+01	-4.57465695E+01	-4.56303533E+01	-4.57597366E+01	-4.55890496E+01	
-1.07000000E+02	-4.58542552E+01	-4.55910694E+01	-4.55218905E+01	-4.57056893E+01	-4.56056654E+01	
-1.06000000E+02	-4.58832760E+01	-4.56569953E+01	-4.56238568E+01	-4.58263889E+01	-4.57603115E+01	
-1.05000000E+02	-4.60139808E+01	-4.58410630E+01	-4.58393009E+01	-4.60269225E+01	-4.59640469E+01	
-1.04000000E+02	-4.61168761E+01	-4.60257207E+01	-4.60500985E+01	-4.61879057E+01	-4.61016226E+01	
-1.03000000E+02	-4.60774293E+01	-4.60979983E+01	-4.61468305E+01	-4.62016557E+01	-4.60676295E+01	
-1.02000000E+02	-4.58347752E+01	-4.59868262E+01	-4.60574843E+01	-4.60036833E+01	-4.58121237E+01	
-1.01000000E+02	-4.54074494E+01	-4.56917267E+01	-4.57793662E+01	-4.56137747E+01	-4.53651300E+01	
-1.00000000E+02	-4.48841441E+01	-4.52861886E+01	-4.53927431E+01	-4.51252692E+01	-4.48345970E+01	
-9.90000000E+01	-4.43906814E+01	-4.48916874E+01	-4.50177391E+01	-4.46739529E+01	-4.43597432E+01	
-9.80000000E+01	-4.40552095E+01	-4.46414596E+01	-4.47954803E+01	-4.44004989E+01	-4.40781444E+01	
-9.70000000E+01	-4.39912204E+01	-4.46605766E+01	-4.48542430E+01	-4.44269492E+01	-4.41045564E+01	
-9.60000000E+01	-4.42938133E+01	-4.50575203E+01	-4.53062054E+01	-4.48556195E+01	-4.45317156E+01	
-9.50000000E+01	-4.50430215E+01	-4.59251446E+01	-4.62381403E+01	-4.57524767E+01	-4.54053297E+01	
-9.40000000E+01	-4.62910441E+01	-4.73180402E+01	-4.76700846E+01	-4.70846489E+01	-4.66443430E+01	
-9.30000000E+01	-4.79993693E+01	-4.91317524E+01	-4.93330494E+01	-4.84816480E+01	-4.77904875E+01	
-9.20000000E+01	-4.98064296E+01	-5.07149904E+01	-5.02685275E+01	-4.89519730E+01	-4.79047860E+01	
-9.10000000E+01	-5.07574379E+01	-5.08338676E+01	-4.95306032E+01	-4.79454303E+01	-4.67357828E+01	
-9.00000000E+01	-5.02624534E+01	-4.95734589E+01	-4.79309061E+01	-4.63514406E+01	-4.51783274E+01	
-8.90000000E+01	-4.91239021E+01	-4.81430771E+01	-4.64876425E+01	-4.49865992E+01	-4.38876625E+01	
-8.80000000E+01	-4.80881110E+01	-4.70654544E+01	-4.54711687E+01	-4.40525103E+01	-4.30225659E+01	
-8.70000000E+01	-4.72686501E+01	-4.63077071E+01	-4.47973679E+01	-4.34812554E+01	-4.25265750E+01	
-8.60000000E+01	-4.64982372E+01	-4.56575184E+01	-4.42678879E+01	-4.31024624E+01	-4.22473019E+01	
-8.50000000E+01	-4.56217525E+01	-4.49168338E+01	-4.36828248E+01	-4.27182969E+01	-4.19940994E+01	
-8.40000000E+01	-4.46568280E+01	-4.40491299E+01	-4.29684118E+01	-4.22001428E+01	-4.16120952E+01	
-8.30000000E+01	-4.37629230E+01	-4.31848934E+01	-4.22079125E+01	-4.15649561E+01	-4.10782313E+01	
-8.20000000E+01	-4.31115360E+01	-4.24995148E+01	-4.15561437E+01	-4.09449851E+01	-4.05031503E+01	
-8.10000000E+01	-4.28212410E+01	-4.21249870E+01	-4.11505905E+01	-4.04848463E+01	-4.00331527E+01	
-8.00000000E+01	-4.29617616E+01	-4.21394805E+01	-4.10746362E+01	-4.02826588E+01	-3.97826143E+01	
-7.90000000E+01	-4.35735329E+01	-4.25872438E+01	-4.13719403E+01	-4.03924835E+01	-3.98154933E+01	
-7.80000000E+01	-4.46700468E+01	-4.34869625E+01	-4.20626586E+01	-4.08315800E+01	-4.01555996E+01	
-7.70000000E+01	-4.61799920E+01	-4.48067254E+01	-4.31311499E+01	-4.15880347E+01	-4.08004764E+01	
-7.60000000E+01	-4.77438805E+01	-4.63460265E+01	-4.44784417E+01	-4.26020131E+01	-4.17062925E+01	
-7.50000000E+01	-4.84513501E+01	-4.74832204E+01	-4.57928984E+01	-4.37183035E+01	-4.27612595E+01	
-7.40000000E+01	-4.76566279E+01	-4.73628951E+01	-4.64574764E+01	-4.46198613E+01	-4.37227497E+01	
-7.30000000E+01	-4.60600581E+01	-4.60894859E+01	-4.60235921E+01	-4.49010479E+01	-4.42284381E+01	
-7.20000000E+01	-4.44713577E+01	-4.45030180E+01	-4.48337482E+01	-4.44190503E+01	-4.40220163E+01	
-7.10000000E+01	-4.31561888E+01	-4.30776021E+01	-4.34812770E+01	-4.34503171E+01	-4.32275575E+01	
-7.00000000E+01	-4.21263071E+01	-4.19218540E+01	-4.22627868E+01	-4.23498949E+01	-4.21828481E+01	
-6.90000000E+01	-4.13315108E+01	-4.10197058E+01	-4.12535303E+01	-4.13238914E+01	-4.11420154E+01	
-6.80000000E+01	-4.07189354E+01	-4.03298167E+01	-4.04521190E+01	-4.04498990E+01	-4.02262326E+01	
-6.70000000E+01	-4.02470447E+01	-3.98154484E+01	-3.98354049E+01	-3.97471978E+01	-3.94784637E+01	
-6.60000000E+01	-3.98899962E+01	-3.94500325E+01	-3.93844712E+01	-3.92166737E+01	-3.89085586E+01	
-6.50000000E+01	-3.96348587E+01	-3.92178141E+01	-3.90851386E+01	-3.88543968E+01	-3.85172550E+01	
-6.40000000E+01	-3.94797962E+01	-3.91118104E+01	-3.89305653E+01	-3.86556023E+01	-3.83015954E+01	
-6.30000000E+01	-3.94286958E+01	-3.91297309E+01	-3.89172156E+01	-3.86183302E+01	-3.82579020E+01	
-6.20000000E+01	-3.94870063E+01	-3.92720859E+01	-3.90426473E+01	-3.87380680E+01	-3.83824386E+01	
-6.10000000E+01	-3.96579011E+01	-3.95382625E+01	-3.93038432E+01	-3.90100999E+01	-3.86681328E+01	
-6.00000000E+01	-3.99392982E+01	-3.99231371E+01	-3.96899648E+01	-3.94231824E+01	-3.91044087E+01	
-5.90000000E+01	-4.03219445E+01	-4.04152983E+01	-4.01868860E+01	-3.99585593E+01	-3.96719854E+01	
-5.80000000E+01	-4.07875510E+01	-4.09944373E+01	-4.07693842E+01	-4.05881591E+01	-4.03392559E+01	
-5.70000000E+01	-4.13081019E+01	-4.16286524E+01	-4.13989346E+01	-4.12686787E+01	-4.10635486E+01	
-5.60000000E+01	-4.18460542E+01	-4.22738402E+01	-4.20274679E+01	-4.19427055E+01	-4.17821580E+01	
-5.50000000E+01	-4.23557528E+01	-4.28752548E+01	-4.25940093E+01	-4.25404340E+01	-4.24190909E+01	
-5.40000000E+01	-4.27880961E+01	-4.33724058E+01	-4.30355401E+01	-4.29882792E+01	-4.28936739E+01	
-5.30000000E+01	-4.30969351E+01	-4.37089888E+01	-4.32997820E+01	-4.32251059E+01	-4.31382899E+01	
-5.20000000E+01	-4.32508824E+01	-4.38473034E+01	-4.33549584E+01	-4.32217438E+01	-4.31204202E+01	
-5.10000000E+01	-4.32405054E+01	-4.37792888E+01	-4.32048120E+01	-4.29897153E+01	-4.28556103E+01	
-5.00000000E+01	-4.30818910E+01	-4.35278121E+01	-4.28831354E+01	-4.25746458E+01	-4.23958657E+01	
-4.90000000E+01	-4.28099361E+01	-4.31381150E+01	-4.24412257E+01	-4.20395771E+01	-4.18129328E+01	
-4.80000000E+01	-4.24674488E+01	-4.26642487E+01	-4.19322339E+01	-4.14466156E+01	-4.11760990E+01	
-4.70000000E+01	-4.20950178E+01	-4.21566947E+01	-4.14072182E+01	-4.08493043E+01	-4.05385486E+01	
-4.60000000E+01	-4.17247042E+01	-4.16564591E+01	-4.09003933E+01	-4.02842180E+01	-3.99401290E+01	
-4.50000000E+01	-4.13797203E+01	-4.11932635E+01	-4.04411653E+01	-3.97769656E+01	-3.94071532E+01	
-4.40000000E+01	-4.10747104E+01	-4.07875320E+01	-4.00431145E+01	-3.93420670E+01	-3.89525614E+01	
-4.30000000E+01	-4.08188006E+01	-4.04517233E+01	-3.97175764E+01	-3.89868091E+01	-3.85848525E+01	
-4.20000000E+01	-4.06172449E+01	-4.01934239E+01	-3.94679460E+01	-3.87142143E+01	-3.83046891E+01	
-4.10000000E+01	-4.04733211E+01	-4.00159268E+01	-3.92982526E+01	-3.85240432E+01	-3.81114680E+01	
-4.00000000E+01	-4.03892012E+01	-3.99203063E+01	-3.92079408E+01	-3.84139429E+01	-3.80035765E+01	
-3.90000000E+01	-4.03663717E+01	-3.99061098E+01	-3.91967281E+01	-3.83818740E+01	-3.79776128E+01	
-3.80000000E+01	-4.04059981E+01	-3.99714522E+01	-3.92637659E+01	-3.84250603E+01	-3.80296355E+01	
-3.70000000E+01	-4.05083468E+01	-4.01140269E+01	-3.94070792E+01	-3.85409908E+01	-3.81572659E+01	
-3.60000000E+01	-4.06735792E+01	-4.03311893E+01	-3.96262566E+01	-3.87276271E+01	-3.83578177E+01	
-3.50000000E+01	-4.09013001E+01	-4.06207186E+01	-3.99205551E+01	-3.89839040E+01	-3.86295844E+01	
-3.40000000E+01	-4.11908270E+01	-4.09810468E+01	-4.02903838E+01	-3.93096304E+01	-3.89729636E+01	
-3.30000000E+01	-4.15421064E+01	-4.14119510E+01	-4.07393238E+01	-3.97063311E+01	-3.93886961E+01	
-3.20000000E+01	-4.19556521E+01	-4.19151477E+01	-4.12684067E+01	-4.01768391E+01	-3.98794068E+01	
-3.10000000E+01	-4.24333544E+01	-4.24943462E+01	-4.18855423E+01	-4.07262075E+01	-4.04510796E+01	
-3.00000000E+01	-4.29789868E+01	-4.31567808E+01	-4.26005566E+01	-4.13620762E+01	-4.11111661E+01	
-2.90000000E+01	-4.35991702E+01	-4.39127159E+01	-4.34263972E+01	-4.20946908E+01	-4.18696891E+01	
-2.80000000E+01	-4.43028024E+01	-4.47772612E+01	-4.43823625E+01	-4.29383177E+01	-4.27431469E+01	
-2.70000000E+01	-4.51030152E+01	-4.57707085E+01	-4.54952062E+01	-4.39127563E+01	-4.37536949E+01	
-2.60000000E+01	-4.60175031E+01	-4.69215562E+01	-4.68084046E+01	-4.50442675E+01	-4.49286618E+01	
-2.50000000E+01	-4.70707102E+01	-4.82691025E+01	-4.83802257E+01	-4.63706996E+01	-4.63146232E+01	
-2.40000000E+01	-4.82963685E+01	-4.98704696E+01	-5.03148107E+01	-4.79460038E+01	-4.79747662E+01	
-2.30000000E+01	-4.97443655E+01	-5.18097733E+01	-5.28019651E+01	-4.98526881E+01	-5.00171430E+01	
-2.20000000E+01	-5.14915685E+01	-5.42126162E+01	-5.62423305E+01	-5.22170892E+01	-5.26312403E+01	
-2.10000000E+01	-5.36695124E+01	-5.72264356E+01	-6.18442031E+01	-5.52101737E+01	-5.61701962E+01	
-2.00000000E+01	-5.65309135E+01	-6.06375828E+01	-7.95506427E+01	-5.87854795E+01	-6.11247417E+01	
-1.90000000E+01	-6.06690362E+01	-6.19984149E+01	-6.46767783E+01	-6.07869327E+01	-6.38313046E+01	
-1.80000000E+01	-6.79988292E+01	-5.95687633E+01	-5.82075919E+01	-5.84941093E+01	-5.92199298E+01	
-1.70000000E+01	-7.18639227E+01	-5.66332714E+01	-5.47221101E+01	-5.53697446E+01	-5.53004943E+01	
-1.60000000E+01	-6.30205976E+01	-5.43080873E+01	-5.23947047E+01	-5.28980364E+01	-5.26064827E+01	
-1.50000000E+01	-5.86321069E+01	-5.25265792E+01	-5.06937389E+01	-5.10152052E+01	-5.06464329E+01	
-1.40000000E+01	-5.58775420E+01	-5.11412817E+01	-4.93948842E+01	-4.95542808E+01	-4.91543530E+01	
-1.30000000E+01	-5.39330154E+01	-5.00477456E+01	-4.83740126E+01	-4.83978986E+01	-4.79839283E+01	
-1.20000000E+01	-5.24761577E+01	-4.91762900E+01	-4.75607151E+01	-4.74704264E+01	-4.70482121E+01	
-1.10000000E+01	-5.13479650E+01	-4.84793950E+01	-4.69105904E+01	-4.67206805E+01	-4.62936209E+01	
-1.00000000E+01	-5.04590574E+01	-4.79247737E+01	-4.63921901E+01	-4.61139249E+01	-4.56827902E+01	
-9.00000000E+00	-4.97538692E+01	-4.74889893E+01	-4.59838316E+01	-4.56253626E+01	-4.51888689E+01	
-8.00000000E+00	-4.91959512E+01	-4.71548491E+01	-4.56702698E+01	-4.52365459E+01	-4.47946349E+01	
-7.00000000E+00	-4.87602525E+01	-4.69096983E+01	-4.54392240E+01	-4.49342659E+01	-4.44858337E+01	
-6.00000000E+00	-4.84287832E+01	-4.67445326E+01	-4.52816396E+01	-4.47082412E+01	-4.42526557E+01	
-5.00000000E+00	-4.81888416E+01	-4.66523607E+01	-4.51920595E+01	-4.45511116E+01	-4.40868857E+01	
-4.00000000E+00	-4.80310536E+01	-4.66287820E+01	-4.51661161E+01	-4.44571898E+01	-4.39835957E+01	
-3.00000000E+00	-4.79490484E+01	-4.66706824E+01	-4.52004345E+01	-4.44226478E+01	-4.39376930E+01	
-2.00000000E+00	-4.79384473E+01	-4.67768649E+01	-4.52946644E+01	-4.44448304E+01	-4.39464994E+01	
-1.00000000E+00	-4.79966094E+01	-4.69470653E+01	-4.54479802E+01	-4.45221251E+01	-4.40086762E+01	
0.00000000E+00	-4.81225938E+01	-4.71829794E+01	-4.56609526E+01	-4.46542648E+01	-4.41233195E+01	
1.00000000E+00	-4.83166091E+01	-4.74875820E+01	-4.59366752E+01	-4.48418902E+01	-4.42907205E+01	
2.00000000E+00	-4.85805323E+01	-4.78652144E+01	-4.62783811E+01	-4.50863550E+01	-4.45115044E+01	
3.00000000E+00	-4.89171763E+01	-4.83223913E+01	-4.66904471E+01	-4.53903578E+01	-4.47873169E+01	
4.00000000E+00	-4.93306745E+01	-4.88676873E+01	-4.71804831E+01	-4.57574742E+01	-4.51211296E+01	
5.00000000E+00	-4.98267160E+01	-4.95127296E+01	-4.77585895E+01	-4.61923536E+01	-4.55163396E+01	
6.00000000E+00	-5.04118454E+01	-5.02728345E+01	-4.84354949E+01	-4.67016323E+01	-4.59781369E+01	
7.00000000E+00	-5.10931347E+01	-5.11687155E+01	-4.92282339E+01	-4.72932774E+01	-4.65121046E+01	
8.00000000E+00	-5.18775069E+01	-5.22283627E+01	-5.01574044E+01	-4.79778035E+01	-4.71261274E+01	
9.00000000E+00	-5.27679819E+01	-5.34909657E+01	-5.12531469E+01	-4.87691808E+01	-4.78301839E+01	
1.00000000E+01	-5.37578405E+01	-5.50114532E+01	-5.25585523E+01	-4.96859674E+01	-4.86389509E+01	
1.10000000E+01	-5.48157070E+01	-5.68660147E+01	-5.41406467E+01	-5.07535146E+01	-4.95684275E+01	
1.20000000E+01	-5.58585530E+01	-5.91441843E+01	-5.61038288E+01	-5.20075423E+01	-5.06455135E+01	
1.30000000E+01	-5.67172265E+01	-6.18392518E+01	-5.86252813E+01	-5.35011308E+01	-5.19060238E+01	
1.40000000E+01	-5.71452311E+01	-6.42142906E+01	-6.20121756E+01	-5.53130761E+01	-5.34064636E+01	
1.50000000E+01	-5.69543728E+01	-6.40896839E+01	-6.64504363E+01	-5.75577727E+01	-5.52337298E+01	
1.60000000E+01	-5.61918243E+01	-6.16886119E+01	-6.80052523E+01	-6.03575999E+01	-5.75296080E+01	
1.70000000E+01	-5.50875514E+01	-5.91189500E+01	-6.38920781E+01	-6.34294785E+01	-6.04947129E+01	
1.80000000E+01	-5.38635071E+01	-5.69700682E+01	-6.01969167E+01	-6.43669140E+01	-6.40483843E+01	
1.90000000E+01	-5.26503024E+01	-5.52158769E+01	-5.74967783E+01	-6.17297609E+01	-6.52926235E+01	
2.00000000E+01	-5.15034696E+01	-5.37583914E+01	-5.54261027E+01	-5.85645102E+01	-6.19908859E+01	
2.10000000E+01	-5.04388631E+01	-5.25141017E+01	-5.37567417E+01	-5.59234616E+01	-5.83834631E+01	
2.20000000E+01	-4.94553220E+01	-5.14208656E+01	-5.23433654E+01	-5.37591532E+01	-5.55149984E+01	
2.30000000E+01	-4.85450194E+01	-5.04318360E+01	-5.11060781E+01	-5.19429692E+01	-5.32113204E+01	
2.40000000E+01	-4.76995280E+01	-4.95139051E+01	-4.99878600E+01	-5.03801949E+01	-5.13012353E+01	
2.50000000E+01	-4.69121906E+01	-4.86452341E+01	-4.89586486E+01	-4.90127487E+01	-4.96775781E+01	
2.60000000E+01	-4.61792727E+01	-4.78142577E+01	-4.80012721E+01	-4.78061938E+01	-4.82770111E+01	
2.70000000E+01	-4.55000974E+01	-4.70188726E+01	-4.71103039E+01	-4.67408555E+01	-4.70632136E+01	
2.80000000E+01	-4.48772146E+01	-4.62643595E+01	-4.62881084E+01	-4.58065427E+01	-4.60167828E+01	
2.90000000E+01	-4.43154459E+01	-4.55610102E+01	-4.55443380E+01	-4.50002223E+01	-4.51257407E+01	
3.00000000E+01	-4.38217405E+01	-4.49218931E+01	-4.48887744E+01	-4.43235281E+01	-4.43851478E+01	
3.10000000E+01	-4.34039185E+01	-4.43609656E+01	-4.43346535E+01	-4.37800815E+01	-4.37952667E+01	
3.20000000E+01	-4.30704885E+01	-4.38912815E+01	-4.38928634E+01	-4.33757538E+01	-4.33614107E+01	
3.30000000E+01	-4.28286027E+01	-4.35241128E+01	-4.35747563E+01	-4.31172384E+01	-4.30855758E+01	
3.40000000E+01	-4.26846232E+01	-4.32676448E+01	-4.33890167E+01	-4.30115646E+01	-4.29760116E+01	
3.50000000E+01	-4.26405777E+01	-4.31258643E+01	-4.33413902E+01	-4.30630295E+01	-4.30334333E+01	
3.60000000E+01	-4.26939118E+01	-4.30958553E+01	-4.34279919E+01	-4.32689161E+01	-4.32597445E+01	
3.70000000E+01	-4.28331424E+01	-4.31648952E+01	-4.36337962E+01	-4.36135875E+01	-4.36343707E+01	
3.80000000E+01	-4.30349144E+01	-4.33062420E+01	-4.39222986E+01	-4.40520594E+01	-4.41103050E+01	
3.90000000E+01	-4.32608109E+01	-4.34749976E+01	-4.42222321E+01	-4.44927896E+01	-4.45840288E+01	
4.00000000E+01	-4.34586705E+01	-4.36092673E+01	-4.44309705E+01	-4.47872842E+01	-4.48792418E+01	
4.10000000E+01	-4.35723875E+01	-4.36427352E+01	-4.44344966E+01	-4.47707882E+01	-4.48112910E+01	
4.20000000E+01	-4.35624891E+01	-4.35307486E+01	-4.41701939E+01	-4.43685044E+01	-4.43026504E+01	
4.30000000E+01	-4.34268442E+01	-4.32745322E+01	-4.36696960E+01	-4.36601713E+01	-4.34683244E+01	
4.40000000E+01	-4.32049959E+01	-4.29252433E+01	-4.30452199E+01	-4.28201785E+01	-4.25145155E+01	
4.50000000E+01	-4.29636759E+01	-4.25611392E+01	-4.24220246E+01	-4.20102875E+01	-4.16105148E+01	
4.60000000E+01	-4.27734838E+01	-4.22602990E+01	-4.19003537E+01	-4.13355444E+01	-4.08612537E+01	
4.70000000E+01	-4.26941764E+01	-4.20864557E+01	-4.15446719E+01	-4.08545053E+01	-4.03183053E+01	
4.80000000E+01	-4.27697992E+01	-4.20851509E+01	-4.13939491E+01	-4.05956002E+01	-4.00050700E+01	
4.90000000E+01	-4.30292781E+01	-4.22878244E+01	-4.14706767E+01	-4.05734339E+01	-3.99328797E+01	
5.00000000E+01	-4.34879198E+01	-4.27151738E+01	-4.17865264E+01	-4.07949057E+01	-4.01075908E+01	
5.10000000E+01	-4.41464188E+01	-4.33782238E+01	-4.23471614E+01	-4.12601403E+01	-4.05286088E+01	
5.20000000E+01	-4.49850863E+01	-4.42752894E+01	-4.31432638E+01	-4.19598116E+01	-4.11893263E+01	
5.30000000E+01	-4.59511190E+01	-4.53805188E+01	-4.41448375E+01	-4.28630434E+01	-4.20626763E+01	
5.40000000E+01	-4.69386637E+01	-4.66167733E+01	-4.52700683E+01	-4.38942274E+01	-4.30816105E+01	
5.50000000E+01	-4.77806132E+01	-4.78145194E+01	-4.63547037E+01	-4.49001865E+01	-4.41023749E+01	
5.60000000E+01	-4.82931552E+01	-4.87000073E+01	-4.71477483E+01	-4.56440571E+01	-4.48884910E+01	
5.70000000E+01	-4.83906710E+01	-4.90260078E+01	-4.74394808E+01	-4.59182093E+01	-4.52113770E+01	
5.80000000E+01	-4.81598752E+01	-4.88066693E+01	-4.72488516E+01	-4.57264145E+01	-4.50439550E+01	
5.90000000E+01	-4.77911981E+01	-4.83059903E+01	-4.68136967E+01	-4.52831678E+01	-4.45926673E+01	
6.00000000E+01	-4.74676884E+01	-4.78040781E+01	-4.63814450E+01	-4.48318760E+01	-4.41142194E+01	
6.10000000E+01	-4.73226088E+01	-4.74794987E+01	-4.61174020E+01	-4.45355790E+01	-4.37804660E+01	
6.20000000E+01	-4.74478404E+01	-4.74296270E+01	-4.61065916E+01	-4.44795918E+01	-4.36772646E+01	
6.30000000E+01	-4.79068208E+01	-4.77012083E+01	-4.63888789E+01	-4.46996544E+01	-4.38407568E+01	
6.40000000E+01	-4.87280976E+01	-4.82980163E+01	-4.69629411E+01	-4.51964335E+01	-4.42647821E+01	
6.50000000E+01	-4.98493606E+01	-4.91388179E+01	-4.77556788E+01	-4.59185189E+01	-4.49062723E+01	
6.60000000E+01	-5.09598256E+01	-4.99575385E+01	-4.85549018E+01	-4.67313387E+01	-4.56541216E+01	
6.70000000E+01	-5.13760375E+01	-5.02680514E+01	-4.89864883E+01	-4.73847632E+01	-4.63133578E+01	
6.80000000E+01	-5.06503594E+01	-4.97496132E+01	-4.87595509E+01	-4.76119016E+01	-4.66723284E+01	
6.90000000E+01	-4.92800490E+01	-4.86786569E+01	-4.80018685E+01	-4.73596872E+01	-4.66493981E+01	
7.00000000E+01	-4.79328152E+01	-4.75458976E+01	-4.71040854E+01	-4.68451509E+01	-4.63672120E+01	
7.10000000E+01	-4.68942098E+01	-4.66312846E+01	-4.63475516E+01	-4.63309237E+01	-4.60287468E+01	
7.20000000E+01	-4.62065250E+01	-4.60115327E+01	-4.58369447E+01	-4.59623661E+01	-4.57708049E+01	
7.30000000E+01	-4.58210717E+01	-4.56649001E+01	-4.55737419E+01	-4.57720284E+01	-4.56323923E+01	
7.40000000E+01	-4.56538744E+01	-4.55242446E+01	-4.54987575E+01	-4.57125313E+01	-4.55800550E+01	
7.50000000E+01	-4.56050294E+01	-4.55012011E+01	-4.55248359E+01	-4.57011586E+01	-4.55334056E+01	
7.60000000E+01	-4.55737453E+01	-4.55036780E+01	-4.55578171E+01	-4.56481752E+01	-4.54162564E+01	
7.70000000E+01	-4.54749060E+01	-4.54543638E+01	-4.55181723E+01	-4.54885724E+01	-4.51800460E+01	
7.80000000E+01	-4.52566032E+01	-4.53082045E+01	-4.53633214E+01	-4.52076978E+01	-4.48280229E+01	
7.90000000E+01	-4.49142437E+01	-4.50612129E+01	-4.50992927E+01	-4.48364087E+01	-4.44062154E+01	
8.00000000E+01	-4.44937335E+01	-4.47545306E+01	-4.47764809E+01	-4.44401541E+01	-4.39841812E+01	
8.10000000E+01	-4.40824167E+01	-4.44669070E+01	-4.44823223E+01	-4.41079997E+01	-4.36506731E+01	
8.20000000E+01	-4.37888815E+01	-4.43010316E+01	-4.43209738E+01	-4.39404052E+01	-4.34983688E+01	
8.30000000E+01	-4.37215139E+01	-4.43664973E+01	-4.44068701E+01	-4.40420574E+01	-4.36251867E+01	
8.40000000E+01	-4.39786295E+01	-4.47723950E+01	-4.48510802E+01	-4.45170078E+01	-4.41292962E+01	
8.50000000E+01	-4.46507527E+01	-4.56274131E+01	-4.57657030E+01	-4.54733260E+01	-4.51100329E+01	
8.60000000E+01	-4.58278177E+01	-4.70495806E+01	-4.72748005E+01	-4.70171455E+01	-4.66542068E+01	
8.70000000E+01	-4.76074170E+01	-4.91712705E+01	-4.94931090E+01	-4.91909760E+01	-4.87264603E+01	
8.80000000E+01	-5.00843648E+01	-5.20688992E+01	-5.23372984E+01	-5.15945305E+01	-5.07342992E+01	
8.90000000E+01	-5.32262813E+01	-5.51936112E+01	-5.45715333E+01	-5.25703962E+01	-5.10984955E+01	
9.00000000E+01	-5.61902290E+01	-5.60957361E+01	-5.39878470E+01	-5.12669310E+01	-4.96644704E+01	
9.10000000E+01	-5.66716463E+01	-5.43373500E+01	-5.19965092E+01	-4.94601188E+01	-4.79990103E+01	
9.20000000E+01	-5.48076217E+01	-5.22808634E+01	-5.02377931E+01	-4.80432805E+01	-4.67426889E+01	
9.30000000E+01	-5.24258465E+01	-5.04142655E+01	-4.87575137E+01	-4.69568255E+01	-4.58289449E+01	
9.40000000E+01	-5.00295732E+01	-4.85394965E+01	-4.72665141E+01	-4.59168714E+01	-4.49954722E+01	
9.50000000E+01	-4.77924845E+01	-4.66449733E+01	-4.56728179E+01	-4.47248313E+01	-4.40185444E+01	
9.60000000E+01	-4.58837458E+01	-4.49017108E+01	-4.40985643E+01	-4.34094254E+01	-4.28673754E+01	
9.70000000E+01	-4.44116555E+01	-4.34760109E+01	-4.27306214E+01	-4.21470151E+01	-4.16895664E+01	
9.80000000E+01	-4.34206219E+01	-4.24566173E+01	-4.16913612E+01	-4.11018495E+01	-4.06606133E+01	
9.90000000E+01	-4.29230718E+01	-4.18778608E+01	-4.10366600E+01	-4.03658644E+01	-3.98969709E+01	
1.00000000E+02	-4.29224518E+01	-4.17508709E+01	-4.07872191E+01	-3.99794925E+01	-3.94538222E+01	
1.01000000E+02	-4.34260322E+01	-4.20819134E+01	-4.09482945E+01	-3.99531915E+01	-3.93513167E+01	
1.02000000E+02	-4.44400697E+01	-4.28762689E+01	-4.15197705E+01	-4.02852888E+01	-3.95901578E+01	
1.03000000E+02	-4.59291322E+01	-4.41231110E+01	-4.24897134E+01	-4.09639289E+01	-4.01653242E+01	
1.04000000E+02	-4.76493615E+01	-4.57206659E+01	-4.38065138E+01	-4.19589933E+01	-4.10571315E+01	
1.05000000E+02	-4.87783516E+01	-4.72535191E+01	-4.52719977E+01	-4.31815993E+01	-4.22077036E+01	
1.06000000E+02	-4.82998083E+01	-4.77985022E+01	-4.63623672E+01	-4.44033290E+01	-4.34551414E+01	
1.07000000E+02	-4.66588461E+01	-4.68730172E+01	-4.63831402E+01	-4.51641510E+01	-4.44302967E+01	
1.08000000E+02	-4.48887355E+01	-4.52451119E+01	-4.53335694E+01	-4.50251364E+01	-4.46364622E+01	
1.09000000E+02	-4.33971411E+01	-4.36537527E+01	-4.38895815E+01	-4.40901435E+01	-4.39443683E+01	
1.10000000E+02	-4.22313447E+01	-4.23340774E+01	-4.25173760E+01	-4.28416843E+01	-4.27597193E+01	
1.11000000E+02	-4.13467025E+01	-4.13033014E+01	-4.13723920E+01	-4.16321627E+01	-4.15138351E+01	
1.12000000E+02	-4.06885454E+01	-4.05245357E+01	-4.04702979E+01	-4.06034868E+01	-4.04159932E+01	
1.13000000E+02	-4.02095604E+01	-3.99557148E+01	-3.97900757E+01	-3.97885601E+01	-3.95308040E+01	
1.14000000E+02	-3.98734743E+01	-3.95619969E+01	-3.93045517E+01	-3.91818846E+01	-3.88642928E+01	
1.15000000E+02	-3.96550081E+01	-3.93171561E+01	-3.89903548E+01	-3.87698946E+01	-3.84059309E+01	
1.16000000E+02	-3.95380872E+01	-3.92024208E+01	-3.88296775E+01	-3.85365728E+01	-3.81398027E+01	
1.17000000E+02	-3.95142444E+01	-3.92054451E+01	-3.88096555E+01	-3.84683598E+01	-3.80514277E+01	
1.18000000E+02	-3.95794220E+01	-3.93175951E+01	-3.89193265E+01	-3.85527246E+01	-3.81281122E+01	
1.19000000E+02	-3.97311191E+01	-3.95316729E+01	-3.91479952E+01	-3.87766865E+01	-3.83554237E+01	
1.20000000E+02	-3.99654209E+01	-3.98386451E+01	-3.94830628E+01	-3.91241977E+01	-3.87163342E+01	
1.21000000E+02	-4.02743660E+01	-4.02255280E+01	-3.99068458E+01	-3.95746117E+01	-3.91896776E+01	
1.22000000E+02	-4.06458348E+01	-4.06737069E+01	-4.03964006E+01	-4.01012507E+01	-3.97474935E+01	
1.23000000E+02	-4.10626766E+01	-4.11578952E+01	-4.09217780E+01	-4.06702981E+01	-4.03541115E+01	
1.24000000E+02	-4.15034237E+01	-4.16472932E+01	-4.14470568E+01	-4.12401420E+01	-4.09672514E+01	
1.25000000E+02	-4.19426624E+01	-4.21066262E+01	-4.19334884E+01	-4.17650919E+01	-4.15368153E+01	
1.26000000E+02	-4.23507505E+01	-4.24992536E+01	-4.23406279E+01	-4.21977355E+01	-4.20085844E+01	
1.27000000E+02	-4.26948966E+01	-4.27902764E+01	-4.26294173E+01	-4.24914356E+01	-4.23301639E+01	
1.28000000E+02	-4.29409934E+01	-4.29504281E+01	-4.27686414E+01	-4.26107946E+01	-4.24611382E+01	
1.29000000E+02	-4.30610029E+01	-4.29616734E+01	-4.27421287E+01	-4.25388597E+01	-4.23808626E+01	
1.30000000E+02	-4.30400550E+01	-4.28215813E+01	-4.25506880E+01	-4.22848068E+01	-4.21020156E+01	
1.31000000E+02	-4.28828122E+01	-4.25470855E+01	-4.22204507E+01	-4.18833332E+01	-4.16641450E+01	
1.32000000E+02	-4.26129625E+01	-4.21700956E+01	-4.17908739E+01	-4.13853684E+01	-4.11264542E+01	
1.33000000E+02	-4.22655265E+01	-4.17310057E+01	-4.13087864E+01	-4.08429455E+01	-4.05467380E+01	
1.34000000E+02	-4.18780265E+01	-4.12705538E+01	-4.08164567E+01	-4.03024758E+01	-3.99751934E+01	
1.35000000E+02	-4.14836569E+01	-4.08243347E+01	-4.03507651E+01	-3.97990069E+01	-3.94477321E+01	
1.36000000E+02	-4.11090006E+01	-4.04200461E+01	-3.99356966E+01	-3.93559665E+01	-3.89870693E+01	
1.37000000E+02	-4.07740328E+01	-4.00781022E+01	-3.95905250E+01	-3.89883921E+01	-3.86083442E+01	
1.38000000E+02	-4.04935036E+01	-3.98122134E+01	-3.93253993E+01	-3.87044223E+01	-3.83201137E+01	
1.39000000E+02	-4.02781923E+01	-3.96314377E+01	-3.91477148E+01	-3.85087610E+01	-3.81244905E+01	
1.40000000E+02	-4.01359507E+01	-3.95411815E+01	-3.90625189E+01	-3.84027970E+01	-3.80233127E+01	
1.41000000E+02	-4.00723998E+01	-3.95442176E+01	-3.90704409E+01	-3.83867426E+01	-3.80157667E+01	
1.42000000E+02	-4.00909862E+01	-3.96416470E+01	-3.91736271E+01	-3.84602408E+01	-3.81002772E+01	
1.43000000E+02	-4.01935962E+01	-3.98334962E+01	-3.93710571E+01	-3.86214030E+01	-3.82748960E+01	
1.44000000E+02	-4.03805597E+01	-4.01189947E+01	-3.96626731E+01	-3.88692710E+01	-3.85386341E+01	
1.45000000E+02	-4.06513192E+01	-4.04974629E+01	-4.00490297E+01	-3.92030984E+01	-3.88898495E+01	
1.46000000E+02	-4.10044339E+01	-4.09684514E+01	-4.05297565E+01	-3.96222027E+01	-3.93283291E+01	
1.47000000E+02	-4.14386124E+01	-4.15329596E+01	-4.11081397E+01	-4.01279189E+01	-3.98554035E+01	
1.48000000E+02	-4.19527776E+01	-4.21935661E+01	-4.17870245E+01	-4.07231024E+01	-4.04739473E+01	
1.49000000E+02	-4.25474926E+01	-4.29559379E+01	-4.25739310E+01	-4.14125242E+01	-4.11892637E+01	
1.50000000E+02	-4.32252990E+01	-4.38297892E+01	-4.34816519E+01	-4.22053987E+01	-4.20120066E+01	
1.51000000E+02	-4.39918038E+01	-4.48304427E+01	-4.45281718E+01	-4.31146974E+01	-4.29552042E+01	
1.52000000E+02	-4.48568819E+01	-4.59814939E+01	-4.57422427E+01	-4.41602342E+01	-4.40417618E+01	
1.53000000E+02	-4.58361467E+01	-4.73187891E+01	-4.71682538E+01	-4.53706139E+01	-4.53046227E+01	
1.54000000E+02	-4.69524804E+01	-4.88973254E+01	-4.88770164E+01	-4.67891394E+01	-4.67942263E+01	
1.55000000E+02	-4.82404319E+01	-5.08051010E+01	-5.09924554E+01	-4.84821147E+01	-4.85923844E+01	
1.56000000E+02	-4.97522319E+01	-5.31914927E+01	-5.37530959E+01	-5.05559900E+01	-5.08388112E+01	
1.57000000E+02	-5.15714826E+01	-5.63257507E+01	-5.77211454E+01	-5.31904402E+01	-5.38111809E+01	
1.58000000E+02	-5.38429803E+01	-6.06394411E+01	-6.49016927E+01	-5.66806939E+01	-5.81586955E+01	
1.59000000E+02	-5.68552987E+01	-6.49334168E+01	-7.63303381E+01	-6.10844857E+01	-6.56573327E+01	
1.60000000E+02	-6.13275873E+01	-6.21497429E+01	-6.17197363E+01	-6.22920748E+01	-6.56152962E+01	
1.61000000E+02	-7.00560105E+01	-5.79179070E+01	-5.67004520E+01	-5.83894999E+01	-5.85653920E+01	
1.62000000E+02	-7.08626835E+01	-5.49334711E+01	-5.36973125E+01	-5.49446183E+01	-5.46143972E+01	
1.63000000E+02	-6.21782221E+01	-5.27876092E+01	-5.16087724E+01	-5.24534872E+01	-5.20129143E+01	
1.64000000E+02	-5.80178203E+01	-5.11721142E+01	-5.00477663E+01	-5.05952706E+01	-5.01302749E+01	
1.65000000E+02	-5.53706464E+01	-4.99161112E+01	-4.88358389E+01	-4.91602448E+01	-4.86895888E+01	
1.66000000E+02	-5.34842789E+01	-4.89211047E+01	-4.78746204E+01	-4.80230750E+01	-4.75547680E+01	
1.67000000E+02	-5.20610504E+01	-4.81249117E+01	-4.71038253E+01	-4.71086909E+01	-4.66435326E+01	
1.68000000E+02	-5.09531712E+01	-4.74861724E+01	-4.64836706E+01	-4.63668572E+01	-4.59039617E+01	
1.69000000E+02	-5.00755311E+01	-4.69764749E+01	-4.59868246E+01	-4.57636368E+01	-4.53016382E+01	
1.70000000E+02	-4.93758092E+01	-4.65751928E+01	-4.55937981E+01	-4.52749856E+01	-4.48128607E+01	
1.71000000E+02	-4.88187131E+01	-4.62672301E+01	-4.52902136E+01	-4.48835132E+01	-4.44196974E+01	
1.72000000E+02	-4.83799828E+01	-4.60412097E+01	-4.50646937E+01	-4.45751435E+01	-4.41081422E+01	
1.73000000E+02	-4.80419950E+01	-4.58888890E+01	-4.49097106E+01	-4.43405019E+01	-4.38684912E+01	
1.74000000E+02	-4.77919810E+01	-4.58037792E+01	-4.48187231E+01	-4.41717505E+01	-4.36935122E+01	
1.75000000E+02	-4.76207361E+01	-4.57817137E+01	-4.47877044E+01	-4.40631810E+01	-4.35770516E+01	
1.76000000E+02	-4.75213597E+01	-4.58194985E+01	-4.48126756E+01	-4.40103497E+01	-4.35145518E+01	
1.77000000E+02	-4.74891246E+01	-4.59155202E+01	-4.48923681E+01	-4.40102857E+01	-4.35025569E+01	
1.78000000E+02	-4.75208935E+01	-4.60695798E+01	-4.50257905E+01	-4.40608162E+01	-4.35392009E+01	
1.79000000E+02	-4.76149956E+01	-4.62822665E+01	-4.52139833E+01	-4.41609614E+01	-4.36225820E+01	
1.80000000E+02	-4.77709833E+01	-4.65555462E+01	-4.54579038E+01	-4.43105592E+01	-4.37520173E+01	
